0.000701904	0.000771939	0.00526615	0.000122202	0.000239272	-0.00511609
-0.00370789	0.00103297	0.00351995	0.000190602	0.000376667	-0.00452767
-0.00521851	0.00108906	0.00138606	0.000239926	0.000451994	-0.00481303
-0.00918579	0.000932114	-0.000892546	0.000261148	0.000449268	-0.00448542
-0.00227356	0.000618248	-0.00288433	0.000254605	0.000377298	-0.00237721
0.000808716	0.000282247	-0.0039903	0.000235234	0.00027984	0.0019432
-0.00971985	-3.80674E-005	-0.00431159	0.000206804	0.000169203	0.00402188
-0.0142517	-0.000455273	-0.00464323	0.000149292	-1.2988E-006	0.000691753
-0.00753784	-0.000985817	-0.00509229	5.3877E-005	-0.000246125	-0.00212637
-0.00128174	-0.00147605	-0.00496379	-6.0915E-005	-0.000511467	0.000705952
-0.00639343	-0.00182546	-0.00405886	-0.000179289	-0.000755539	0.00452967
0.00340271	-0.00201663	-0.00265273	-0.000294779	-0.000963606	0.00538859
0.0114594	-0.00195206	-0.000588416	-0.000385933	-0.00108626	0.00658265
0.0102539	-0.00156666	0.00207669	-0.000431564	-0.00108021	0.0077037
0.00733948	-0.000957132	0.00457176	-0.00043344	-0.000963024	0.00487383
0.0083313	-0.000254066	0.0062644	-0.000401602	-0.000771172	-0.000124748
0.0103455	0.000483682	0.00711972	-0.000338584	-0.00051956	-0.0029631
0.000808716	0.00117881	0.00709488	-0.000252078	-0.00023439	-0.00439339
-0.00648499	0.00166651	0.00582467	-0.000167706	1.71061E-005	-0.00746901
0.00134277	0.00188686	0.00359555	-0.000100948	0.000199372	-0.00875645
0.00360107	0.00196163	0.00144668	-4.04269E-005	0.00034612	-0.00449339
-0.00836182	0.00192501	-0.000346013	1.45247E-005	0.000461858	-0.000694683
-0.00868225	0.00168209	-0.00222101	4.35882E-005	0.000499843	-0.00186054
-0.00993347	0.001225	-0.00410272	3.62511E-005	0.000442315	-0.00322536
-0.00959778	0.000625397	-0.0056048	-6.09622E-006	0.000302741	-0.0018418
-0.000991821	1.77655E-006	-0.00629735	-7.21692E-005	0.000117686	0.00172728
0.00410461	-0.000478611	-0.0057316	-0.000138005	-4.89776E-005	0.00651305
0.0154572	-0.000664373	-0.0037502	-0.000175033	-0.000128772	0.0105392
0.0141602	-0.000486863	-0.000685916	-0.000161136	-7.63301E-005	0.0116147
0.00012207	-9.64934E-005	0.00222345	-0.00010647	7.00073E-005	0.00620604
-0.00434875	0.000230637	0.00362772	-4.71316E-005	0.000212265	-0.00392776
-0.00410461	0.000368067	0.00340412	-5.19318E-006	0.000296497	-0.0101612
0.000686646	0.000369432	0.00238305	2.16391E-005	0.000333757	-0.00853086
0.00924683	0.000376873	0.00156173	5.19653E-005	0.000373855	-0.00195018
-0.00157166	0.000447235	0.00120679	9.56533E-005	0.000440342	0.0026656
-0.011734	0.000424811	0.000510319	0.000129352	0.000473539	-0.000271914
-0.00575256	0.000196872	-0.000867959	0.000130322	0.000421484	-0.0051188
-1.52588E-005	-0.000119879	-0.00210307	0.000108917	0.000318325	-0.00347277
-0.0017395	-0.000393023	-0.00259137	8.2238E-005	0.000211403	0.00170651
-0.00231934	-0.000610366	-0.00251824	5.25555E-005	0.000107238	0.00380246
-0.000473022	-0.000780685	-0.00213908	1.93572E-005	4.89011E-006	0.00300921
0.00344849	-0.000866742	-0.00143572	-1.02379E-005	-7.7976E-005	0.00262509
0.00195313	-0.000840515	-0.000449172	-2.87622E-005	-0.000124761	0.00283021
-0.00660706	-0.000776876	0.000326986	-4.43767E-005	-0.000158723	0.000798289
-0.0115967	-0.00081842	0.000281535	-7.93904E-005	-0.000235217	-0.00373712
-0.00415039	-0.000987521	-0.000404858	-0.000142033	-0.000369573	-0.00559164
0.00273132	-0.00113643	-0.000814042	-0.000213447	-0.000509468	-0.00140288
0.00323486	-0.00113616	-0.000433535	-0.000272013	-0.000601159	0.00420321
0.00216675	-0.000988735	0.000447203	-0.000312308	-0.000635969	0.00556022
-0.00358582	-0.000783232	0.00121909	-0.000342855	-0.000640294	0.00241547
0.00346375	-0.000574668	0.00163852	-0.000369618	-0.000631816	-0.000852912
0.00627136	-0.000309249	0.00205504	-0.000382362	-0.00058713	-0.000310277
0.00897217	6.90982E-005	0.00271853	-0.000368017	-0.000478498	0.002089
0.0105896	0.000560041	0.00353426	-0.000320168	-0.000297482	0.00306496
0.00183105	0.00108423	0.00408156	-0.000245076	-6.76527E-005	0.00104787
-0.0104675	0.00144129	0.0035577	-0.000172278	0.00013303	-0.00477757
-0.00494385	0.00150251	0.00180524	-0.000127977	0.000242802	-0.00947084
0.00350952	0.00138987	-0.00010091	-0.00010277	0.000293171	-0.00641866
0.00427246	0.00128619	-0.00117653	-7.31338E-005	0.000347101	0.00109511
0.010788	0.00127978	-0.0012497	-2.42211E-005	0.000440096	0.00604171
0.00482178	0.00137761	-0.000638049	4.90901E-005	0.000580242	0.00635249
-0.00524902	0.00144825	-0.000213513	0.000129437	0.000719946	0.00156072
0.000869751	0.00137701	-0.000471073	0.000196953	0.000810376	-0.00382267
0.00968933	0.0012651	-0.000735462	0.00026285	0.000883424	-0.00271232
0.00390625	0.00122357	-0.000507479	0.00034375	0.000981013	0.00170061
-0.00389099	0.00116634	-0.000360344	0.000427805	0.00107153	0.00123059
0.00212097	0.00100818	-0.000669041	0.000499827	0.00111851	-0.00207869
0.0042572	0.000817425	-0.000972301	0.000566567	0.00114269	-0.00175049
0.00421143	0.00066521	-0.000948352	0.000637745	0.00117008	0.00085128
-0.00524902	0.000500803	-0.000945091	0.000705539	0.0011814	0.000619067
-0.017868	0.000156243	-0.00171814	0.000740298	0.00110638	-0.00417619
-0.0224609	-0.000515304	-0.00363707	0.000708329	0.000872476	-0.00957585
-0.00744629	-0.00141264	-0.00578471	0.00061014	0.000498411	-0.00789771
-0.00167847	-0.0022376	-0.00666769	0.000482122	8.88782E-005	0.00169255
0.00149536	-0.00279258	-0.0058201	0.000355771	-0.000273809	0.0101153
0.0106354	-0.0030003	-0.00357004	0.000251468	-0.000542998	0.0126488
0.0140839	-0.00280488	-0.000301488	0.000190836	-0.000674305	0.011894
-0.00552368	-0.00234887	0.00281098	0.000166422	-0.000699258	0.00615871
-0.0111542	-0.00195694	0.00420928	0.000135918	-0.000731467	-0.00484072
0.00160217	-0.00172105	0.00401388	8.31317E-005	-0.000809558	-0.010372
0.0134125	-0.00141968	0.00381134	4.02662E-005	-0.000850428	-0.00406158
0.010437	-0.000895577	0.00438039	3.78172E-005	-0.000783736	0.00460132
-0.000961304	-0.000271766	0.00494363	6.65186E-005	-0.000643431	0.00444885
-0.0090332	0.000201152	0.00440741	9.13697E-005	-0.000522921	-0.0033728
-0.00463867	0.000416139	0.00273858	9.09444E-005	-0.000473046	-0.00887397
0.00160217	0.00048009	0.000924594	7.43076E-005	-0.000465018	-0.00615754
-0.00546265	0.000490434	-0.000424241	5.23674E-005	-0.00046825	-0.000638655
-0.0110779	0.000387421	-0.00164775	1.31274E-005	-0.000510828	0.000139723
0.00222778	0.000183971	-0.0026751	-4.61271E-005	-0.000595237	-0.000303556
0.00302124	4.4418E-005	-0.00280734	-0.00010265	-0.000661634	0.00315607
0.00343323	4.29663E-005	-0.00203641	-0.00014208	-0.000676708	0.00607375
0.00628662	0.00016279	-0.000814799	-0.000161737	-0.000639184	0.00549113
-0.00700378	0.000320208	0.000238457	-0.000170222	-0.000575593	0.00186452
-0.00737	0.000360579	0.000414198	-0.000191166	-0.000546431	-0.00377235
0.00888062	0.000330023	0.00019366	-0.000221096	-0.000540024	-0.00425919
0.00947571	0.000433915	0.000638554	-0.000228282	-0.000477091	0.00198961
0.00767517	0.000710553	0.00167924	-0.000200325	-0.000333633	0.00576404
0.00117493	0.00103537	0.00251145	-0.000149814	-0.000149207	0.00280645
-0.00611877	0.0012481	0.00245546	-9.99791E-005	1.46041E-005	-0.00335402
0.00108337	0.00128897	0.00156025	-6.40124E-005	0.000126975	-0.00663581
0.00653076	0.00127291	0.000685342	-2.89412E-005	0.000224076	-0.00339589
0.00361633	0.00129659	0.000317004	1.93548E-005	0.000341311	0.00154305
0.0088501	0.00136654	0.000340557	8.38201E-005	0.000483258	0.00329386
0.00561523	0.00148104	0.000614155	0.00016651	0.000651765	0.00279213
-0.0115356	0.00150928	0.000451389	0.000247908	0.000795966	-0.00124595
-0.0134888	0.0012482	-0.0009056	0.000290712	0.000827092	-0.00783268
0.00149536	0.000760841	-0.00271292	0.000292888	0.000751653	-0.00785448
-0.000473022	0.00028401	-0.00368059	0.000282896	0.000650163	-0.00018768
-0.00839233	-0.000145022	-0.00389513	0.000264926	0.000536137	0.00414169
-0.00608826	-0.000604718	-0.00398376	0.000225343	0.000378456	0.00213045
-0.0032196	-0.00106127	-0.00387521	0.00016611	0.000187252	0.000649197
-0.00537109	-0.00145389	-0.00340909	9.50329E-005	-1.40345E-005	0.00142152
-0.00160217	-0.00176181	-0.00267105	1.58655E-005	-0.000214163	0.00214381
-0.00256348	-0.0019619	-0.00171531	-6.60096E-005	-0.000399125	0.00245459
-0.00505066	-0.00207099	-0.000758009	-0.000150477	-0.000569244	0.0016559
-0.000900269	-0.00211106	4.45808E-005	-0.000238484	-0.000727509	0.000454222
0.014328	-0.00197351	0.00119091	-0.000309482	-0.000824475	0.0026286
0.0010376	-0.00159211	0.00281766	-0.00034483	-0.000820687	0.00529058
-0.00627136	-0.00115861	0.0038495	-0.000365391	-0.000777209	0.00113314
0.00175476	-0.000816589	0.00382552	-0.00039114	-0.000746971	-0.00462919
0.000244141	-0.000510508	0.0033927	-0.000414613	-0.000710802	-0.00439394
-0.00180054	-0.000225281	0.00282713	-0.000433109	-0.000663067	-0.00202674
0.00901794	6.18512E-005	0.00234794	-0.000442113	-0.000594337	0.000113362
0.00978088	0.000449207	0.00242488	-0.000423444	-0.000463034	0.0032762
0.00328064	0.000916227	0.00280344	-0.000374494	-0.000269939	0.00370377
-0.00302124	0.00130625	0.00268442	-0.000315918	-7.25664E-005	-0.000700044
0.00141907	0.00153506	0.00188156	-0.000262708	9.11639E-005	-0.00465624
0.00213623	0.00165202	0.000901451	-0.000211497	0.000231986	-0.00387327
0.00613403	0.00173296	0.000203732	-0.000153098	0.000373852	-0.000439549
0.000839233	0.0017954	-0.000190166	-8.53358E-005	0.000521267	0.00151194
-0.0106964	0.00173193	-0.000849617	-2.64864E-005	0.000628595	-0.0010159
-0.0119476	0.00141163	-0.00225298	-3.69177E-006	0.000633513	-0.00572139
-0.00631714	0.000877787	-0.00390868	-2.12978E-005	0.000535948	-0.0059648
-0.0022583	0.000299479	-0.00492215	-6.1948E-005	0.000389097	-0.000721501
0.00506592	-0.000162723	-0.00477972	-0.000103357	0.000252991	0.00541357
4.57764E-005	-0.000443484	-0.00363395	-0.000132402	0.000159236	0.00793033
0.00341797	-0.000578891	-0.00209258	-0.000149552	0.000102962	0.00587369
-0.00253296	-0.00062822	-0.000675086	-0.000159864	6.84296E-005	0.00208718
-0.0017395	-0.000656198	0.000271706	-0.000171202	3.45339E-005	-0.00125572
0.0175629	-0.000582206	0.00120804	-0.000169401	3.58245E-005	-7.69318E-005
0.0137787	-0.000241662	0.0028319	-0.000122438	0.000146543	0.0051479
-0.00773621	0.000209906	0.00415617	-4.42792E-005	0.000321109	0.00324656
-0.00228882	0.000481367	0.00394229	2.2773E-005	0.000449392	-0.00573982
0.00650024	0.000600689	0.00287927	7.77687E-005	0.000533149	-0.00800914
0.00332642	0.000715429	0.00200998	0.000140216	0.000623922	-0.00266537
-0.00628662	0.000776444	0.00113403	0.000202303	0.000701639	-0.000370635
-0.00746155	0.000661202	-0.000224331	0.000241644	0.000712939	-0.0030422
-0.000350952	0.000399653	-0.00168989	0.000255768	0.000658602	-0.00361965
0.00875854	0.000171911	-0.00234868	0.000267877	0.000602048	0.00129452
0.00280762	8.57375E-005	-0.00196922	0.000296234	0.00058828	0.00603729
-0.0062561	3.41797E-005	-0.00141995	0.000327919	0.000581748	0.00393659
-0.00393677	-0.000113143	-0.00139586	0.000342027	0.00053105	-0.00168893
-0.000488281	-0.000324369	-0.00160331	0.00033932	0.000442852	-0.00314507
-0.000976563	-0.000518944	-0.00161069	0.000329658	0.000345442	-0.00061969
0.00149536	-0.000662308	-0.00134391	0.000318399	0.000253333	0.00163348
-0.00259399	-0.000758115	-0.000938007	0.000306083	0.000167812	0.00185953
-0.00378418	-0.000851271	-0.000672021	0.0002864	7.33417E-005	0.000182569
-0.0102844	-0.00100596	-0.000806632	0.000248033	-5.61785E-005	-0.00226727
-0.00959778	-0.00126496	-0.00139512	0.000180412	-0.000242227	-0.0039226
0.00166321	-0.00154115	-0.00186822	9.25876E-005	-0.000456169	-0.00175157
0.00764465	-0.00164371	-0.00139098	1.43961E-005	-0.000621653	0.00431613
-0.00109863	-0.00153183	-0.000128616	-4.11616E-005	-0.000711248	0.00721829
0.00112915	-0.00132162	0.00106713	-8.47619E-005	-0.000758259	0.00383066
0.0037384	-0.00105698	0.00196168	-0.000118947	-0.000773093	0.000247408
0.00143433	-0.000734267	0.00263934	-0.000139662	-0.000749256	-0.000634282
-0.001297	-0.000410511	0.00290759	-0.000152579	-0.000704737	-0.0014993
0.00982666	-8.15563E-005	0.00293847	-0.000155261	-0.000636112	-0.00124731
-0.00495911	0.000261218	0.002882	-0.00014429	-0.000538024	-0.000376825
-0.0171051	0.000424823	0.00194179	-0.000149739	-0.000487171	-0.0043857
-0.000457764	0.00033084	0.000138584	-0.00019091	-0.000526041	-0.0076524
0.00912476	0.000235578	-0.00098249	-0.000235179	-0.000566184	-0.001318
0.00213623	0.000305383	-0.000840625	-0.000254989	-0.000540399	0.0064407
0.000900269	0.000453616	-0.000259491	-0.000257959	-0.000474105	0.00605582
0.00822449	0.000634876	0.00036467	-0.000247757	-0.00038075	0.00257675
-0.00448608	0.000830823	0.000889837	-0.000225093	-0.000265363	0.000216127
0.00325012	0.000965354	0.000975652	-0.000201031	-0.000157717	-0.00212642
0.0113678	0.00110672	0.00106801	-0.000165639	-3.34923E-005	-0.000894864
0.00488281	0.00133733	0.00153173	-0.000103864	0.000141543	0.00224844
-0.0032959	0.00153784	0.00169155	-3.08986E-005	0.000324437	0.000437033
0.000640869	0.00159376	0.00113484	3.40356E-005	0.000466785	-0.00374016
-0.00238037	0.00152031	0.000204355	8.82872E-005	0.000565585	-0.00453067
-0.00384521	0.00133378	-0.000848624	0.000129297	0.000618623	-0.00320327
-0.00942993	0.00100803	-0.00204768	0.000147373	0.000606839	-0.00274008
-0.0113525	0.00051732	-0.00340972	0.000131099	0.000509256	-0.00319969
-0.000808716	-5.74616E-005	-0.00447288	8.50681E-005	0.000346368	-0.00140308
0.00569153	-0.000516626	-0.0044248	3.65625E-005	0.00019204	0.0042139
0.00579834	-0.000737948	-0.00313531	8.23462E-006	0.000101336	0.0086834
0.00236511	-0.000762514	-0.00131296	1.26649E-006	7.12135E-005	0.00749387
-0.00416565	-0.000721392	0.000149396	1.09084E-006	6.03349E-005	0.0019016
0.00114441	-0.000696798	0.000911158	-3.45075E-006	3.97165E-005	-0.00279308
0.00430298	-0.000641888	0.00137721	-5.10526E-006	2.80868E-005	-0.00249865
-0.000915527	-0.000530885	0.0017531	1.84551E-006	3.84982E-005	-0.000474262
-0.00135803	-0.000428146	0.00178477	9.26476E-006	4.89021E-005	-0.000911629
-0.00126648	-0.000368428	0.00145522	1.14358E-005	4.53613E-005	-0.00205457
-0.000579834	-0.000337671	0.000990216	9.27751E-006	3.15454E-005	-0.00177774
-0.00468445	-0.000341716	0.000455623	7.67156E-007	3.6599E-006	-0.00123818
-0.00985718	-0.00043847	-0.00033945	-2.52938E-005	-6.39283E-005	-0.0021962
-0.0040741	-0.000639679	-0.00131014	-7.51033E-005	-0.000181906	-0.00274661
0.000961304	-0.000834759	-0.00185241	-0.000135285	-0.000312067	0.000119222
0.00328064	-0.000909268	-0.00157662	-0.00018744	-0.000407829	0.00423989
0.00175476	-0.000846289	-0.000707762	-0.000224456	-0.000454949	0.0054823
-0.00317383	-0.000718715	0.000170967	-0.000252949	-0.000474252	0.0028459
0.0020752	-0.000583412	0.000747337	-0.00027935	-0.000484166	-0.000357804
0.00531006	-0.000397425	0.00128403	-0.000295464	-0.000465764	-0.000286445
0.00448608	-0.000123191	0.00194309	-0.000292018	-0.00039957	0.00135431
0.00654602	0.000218638	0.0025721	-0.000267571	-0.000287349	0.00158874
0.00363159	0.000590211	0.0029988	-0.000223998	-0.000138974	0.00046761
-0.00378418	0.000897551	0.00287302	-0.000173919	1.04082E-005	-0.00222758
-0.0035553	0.00104261	0.00197433	-0.000134648	0.000117832	-0.00520315
0.000976563	0.00104987	0.00074154	-0.00010756	0.000183651	-0.00476367
-0.0032959	0.000984968	-0.000338175	-8.68576E-005	0.000225854	-0.00178236
-0.00378418	0.00084426	-0.00126944	-7.62107E-005	0.000237742	-0.000324421
0.00727844	0.000687299	-0.00179477	-6.9208E-005	0.000237957	0.00121387
0.00346375	0.000623376	-0.00155174	-4.88232E-005	0.000269106	0.00403433
-0.00604248	0.000589871	-0.00111201	-2.21995E-005	0.0003106	0.0029613
-0.0102692	0.000425345	-0.00130982	-1.5438E-005	0.000297823	-0.00244467
-0.000488281	0.000131592	-0.00193617	-3.42202E-005	0.000222598	-0.00462336
-0.00582886	-0.000180517	-0.00233817	-6.64989E-005	0.000120975	-0.00159995
0.0045166	-0.000435115	-0.00224909	-0.000101885	2.14533E-005	0.00208702
0.0190277	-0.000468299	-0.00112686	-0.000111903	-6.44871E-006	0.0068238
0.00814819	-0.000186887	0.00102212	-7.23818E-005	8.89065E-005	0.00973521
-0.0154419	0.000124579	0.00246216	-1.74095E-005	0.000211722	0.00225432
-0.0110626	0.00013996	0.00190087	8.97673E-007	0.000231968	-0.00985328
0.0122528	-3.27968E-006	0.000666657	-5.90338E-006	0.000188031	-0.00962595
0.0140839	4.56665E-005	0.000640958	1.4243E-005	0.000213154	0.00240259
-0.000259399	0.000293827	0.00147449	7.03342E-005	0.00032211	0.00805566
-0.00645447	0.000479664	0.00168036	0.000127485	0.000421121	0.00138466
0.00222778	0.000508962	0.00104537	0.000168371	0.000468641	-0.0051449
0.00534058	0.000505083	0.00044689	0.000207782	0.000505628	-0.00335111
-0.00384521	0.00050711	9.11838E-005	0.000250999	0.000545868	9.15101E-005
-0.00416565	0.000423052	-0.000489419	0.000282799	0.000551921	-0.000815762
0.000366211	0.000251858	-0.00119646	0.00029919	0.000517604	-0.00183657
0.0015564	8.3101E-005	-0.00155788	0.000310921	0.000473388	0.000149958
-0.00386047	-6.77973E-005	-0.00161301	0.000319778	0.000424926	0.00153163
-0.00773621	-0.00027395	-0.00180436	0.000313321	0.000342749	-0.000242724
0.000534058	-0.000533618	-0.00208794	0.000288523	0.000223407	-0.00140632
0.000396729	-0.000744346	-0.00197933	0.000259081	0.000104602	0.000855797
-0.00233459	-0.000877503	-0.00150479	0.000230531	3.71376E-007	0.00259515
0.00119019	-0.000957651	-0.000937714	0.000200975	-9.48324E-005	0.00199407
0.00231934	-0.000962206	-0.00025074	0.000175757	-0.000168467	0.00162402
-0.00250244	-0.000904525	0.000414959	0.000155461	-0.000220961	0.00102362
-0.0087738	-0.000884902	0.000585589	0.00012584	-0.000288851	-0.00170348
-0.00231934	-0.00094862	0.000222861	7.77719E-005	-0.000392463	-0.00372413
0.00265503	-0.000996466	-2.16243E-005	2.42458E-005	-0.000496159	-0.00129661
0.00270081	-0.00093366	0.000260941	-1.84999E-005	-0.000560034	0.00271563
-0.00570679	-0.000811238	0.000661647	-5.4454E-005	-0.00059759	0.00268137
-0.00328064	-0.000729238	0.000680944	-9.75367E-005	-0.000645241	-0.000731963
0.00453186	-0.000651098	0.000616981	-0.000142802	-0.000689831	-0.0013092
0.0164185	-0.000408867	0.00126191	-0.000161745	-0.000662314	0.0033176
0.00892639	7.03837E-005	0.00268378	-0.000134352	-0.000521653	0.00708744
-0.00315857	0.000602946	0.0037436	-7.96633E-005	-0.000326425	0.00292691
-0.00970459	0.000928605	0.00336536	-3.65006E-005	-0.000177605	-0.00613906
0.00228882	0.00101705	0.00194132	-1.62699E-005	-9.90526E-005	-0.00946584
0.0152588	0.00110232	0.000970262	1.17164E-005	-9.54265E-006	-0.0024572
0.0122375	0.00137012	0.00120376	7.92126E-005	0.000166486	0.00635101
0.000335693	0.00171474	0.00176561	0.000177197	0.000397443	0.00602614
-0.0032196	0.00191579	0.00153384	0.000273602	0.000598687	-0.0016976
-0.0156708	0.00182208	0.000110835	0.00033859	0.000699756	-0.00869848
-0.0150909	0.00136587	-0.00233336	0.000348859	0.000653774	-0.0112303
0.00634766	0.000734022	-0.00450412	0.000319365	0.000512337	-0.00546908
0.00462341	0.000243495	-0.00498829	0.000293337	0.000391014	0.005735
-0.00408936	-7.3462E-005	-0.00422181	0.000279226	0.000309051	0.00975036
-0.00520325	-0.000366987	-0.00338754	0.000256906	0.000214074	0.00447935
-0.00601196	-0.000692891	-0.00285405	0.000216304	8.34879E-005	-0.000946727
0.00135803	-0.000994923	-0.00233834	0.000163813	-6.28509E-005	-0.00134489
0.00746155	-0.00114837	-0.00133249	0.000119661	-0.00017342	0.00242957
0.00744629	-0.00107725	0.000269531	0.000101546	-0.000208276	0.00572539
-4.57764E-005	-0.000858488	0.0018354	0.000105593	-0.000184352	0.004064
-0.00213623	-0.00064126	0.00263627	0.000113528	-0.000152171	-0.00129689
0.00230408	-0.000474294	0.00268968	0.000118133	-0.000130321	-0.00437016
0.00575256	-0.000291908	0.00256895	0.000129294	-9.38861E-005	-0.00251861
-0.000518799	-7.93215E-005	0.00244223	0.000151022	-3.48255E-005	-0.000183769
-0.00634766	5.97903E-005	0.0018902	0.000168143	7.37579E-006	-0.00166552
-0.0106049	1.70495E-005	0.000628737	0.000160245	-1.54085E-005	-0.0050271
-0.0052948	-0.000198716	-0.00097848	0.000121427	-0.000110818	-0.00543639
0.00120544	-0.000448963	-0.00210258	6.70574E-005	-0.000233668	-0.00102695
0.00421143	-0.000588061	-0.00219883	1.89525E-005	-0.000327553	0.00468784
0.00326538	-0.000575325	-0.00143963	-1.24376E-005	-0.000369565	0.0068888
-0.00382996	-0.000488683	-0.000520463	-3.42372E-005	-0.000382104	0.00407191
-0.00773621	-0.000458837	-0.000145846	-6.51295E-005	-0.000413547	-0.00138208
0.00115967	-0.000500203	-0.000229234	-0.000109655	-0.00047292	-0.0036867
0.00733948	-0.000473429	5.98057E-006	-0.000147402	-0.000507567	-1.27652E-005
0.0154724	-0.000234541	0.00108601	-0.000151327	-0.000454186	0.0056282
0.00505066	0.000206133	0.00263092	-0.000113561	-0.000302938	0.00677942
-0.0140381	0.000584392	0.00323521	-6.82916E-005	-0.000147658	-0.000734762
-0.0154419	0.000618601	0.00194208	-6.33347E-005	-0.000105791	-0.0110267
-0.00585938	0.000343235	-0.000368704	-0.000106165	-0.000184258	-0.0122508
-0.000854492	-4.4448E-006	-0.00215497	-0.000170397	-0.000306361	-0.00372969
0.0027771	-0.000252821	-0.00272578	-0.000231764	-0.000408101	0.00504924
0.000961304	-0.000359003	-0.00227994	-0.000280423	-0.000467123	0.00794387
0.00357056	-0.000344369	-0.00130291	-0.000314935	-0.000483999	0.00608775
-0.00379944	-0.000266912	-0.000309762	-0.000340237	-0.000474964	0.00242443
-0.00682068	-0.000232563	0.000149793	-0.000371285	-0.000479096	-0.0018929
0.00502014	-0.000236458	0.000242636	-0.000408776	-0.000496795	-0.0029644
0.0123596	-0.000108618	0.000845805	-0.000425607	-0.000460812	0.0017671
0.0155029	0.000269316	0.00229285	-0.000395969	-0.000314132	0.00690705
0.00930786	0.000839412	0.00397918	-0.000317734	-6.36072E-005	0.00639887
-0.00660706	0.0013669	0.00470785	-0.000219768	0.000208768	-0.000973734
-0.00572205	0.00162303	0.00376925	-0.00013935	0.0004088	-0.00949579
0.000610352	0.00162683	0.00189198	-8.24389E-005	0.000528352	-0.0103461
0.0042572	0.00154409	0.000263936	-3.08516E-005	0.000619226	-0.00378898
-0.00213623	0.00143844	-0.000807182	2.24492E-005	0.00070108	0.00153211
-0.00236511	0.00126282	-0.00166012	6.82313E-005	0.000752116	0.00150835
-0.000366211	0.0010144	-0.00235135	0.000102462	0.000765549	0.000155717
0.00389099	0.00076789	-0.00259076	0.000133635	0.000765916	0.00111628
0.00379944	0.000588956	-0.00225445	0.00017164	0.000778733	0.00305378
-0.00721741	0.00042325	-0.00182789	0.000209069	0.000784833	0.00191199
-0.00790405	0.000145088	-0.00195601	0.000224404	0.000732743	-0.00243377
-0.00102234	-0.000228271	-0.00239659	0.000214623	0.000621434	-0.00376607
0.00450134	-0.000543723	-0.00236011	0.000199717	0.000506197	0.000355182
0.0032959	-0.000707845	-0.00160976	0.000195929	0.000427606	0.0046029
-0.00491333	-0.000785094	-0.000729164	0.000197366	0.000368138	0.00364403
-0.00863647	-0.000914481	-0.000442564	0.000183487	0.000276333	-0.00143929
-0.00819397	-0.00115387	-0.000831066	0.000141658	0.000125295	-0.00493122
-0.00822449	-0.00146693	-0.00148542	7.22324E-005	-7.72961E-005	-0.00422039
-0.00416565	-0.00178203	-0.00195999	-1.74761E-005	-0.000307388	-0.00105845
0.00378418	-0.00198333	-0.00177359	-0.000109918	-0.000518389	0.00316519
0.00372314	-0.00197451	-0.000731226	-0.000185684	-0.000664049	0.00647757
0.00350952	-0.0017688	0.000762864	-0.000238911	-0.000736092	0.00617528
-0.00265503	-0.00146621	0.00203438	-0.000277804	-0.000761679	0.00234536
-0.00114441	-0.00116646	0.00265852	-0.000313913	-0.0007736	-0.00195522
0.0113983	-0.000825649	0.00304008	-0.000338501	-0.000752112	-0.00180207
0.01651	-0.000293255	0.0039472	-0.000322884	-0.00063119	0.00314909
-0.00379944	0.000358518	0.00487517	-0.000268888	-0.000426117	0.00366326
-0.0115662	0.000815778	0.00440898	-0.000221179	-0.000255142	-0.0046557
-0.000640869	0.000972869	0.00260917	-0.000202691	-0.000171514	-0.0103751
0.00907898	0.00104366	0.00101083	-0.00018826	-0.000105752	-0.00494595
0.00584412	0.00119809	0.000419309	-0.000152136	6.1464E-006	0.00349682
-0.00515747	0.00135355	0.000171799	-0.00010395	0.00013551	0.0041547
-0.00857544	0.00133578	-0.000616816	-7.20032E-005	0.000211144	-0.0017863
-0.00674438	0.00110458	-0.00191786	-6.98034E-005	0.000205304	-0.00556545
-0.00317383	0.000755195	-0.00308546	-9.0775E-005	0.000142293	-0.00347404
0.00471497	0.000433863	-0.00347656	-0.000116666	7.26252E-005	0.00191273
0.00952148	0.000281734	-0.0027353	-0.000124212	5.39012E-005	0.0069873
0.00689697	0.000335684	-0.00115381	-0.000101288	0.000110551	0.00821914
-0.00256348	0.000471523	0.00031443	-6.03609E-005	0.000204378	0.00373536
0.00244141	0.000561519	0.00103666	-1.89523E-005	0.000288584	-0.00221758
0.00854492	0.00064868	0.00140921	2.88999E-005	0.00037823	-0.00292179
0.00558472	0.000804455	0.00185592	9.56313E-005	0.000502565	-3.28886E-005
-0.00489807	0.000936764	0.00193254	0.000169325	0.000628548	-0.00063713
-0.00556946	0.000903154	0.0011393	0.000225839	0.000696793	-0.00468676
0.00773621	0.000759729	7.47925E-005	0.000267979	0.000719716	-0.00449566
0.00813293	0.000689963	-0.000282385	0.000321611	0.000764762	0.00133822
-0.00447083	0.000678136	-0.000214166	0.000386663	0.000829406	0.00354506
-0.012619	0.000518529	-0.000788321	0.00043074	0.00083276	-0.00187378
-0.0151215	8.70286E-005	-0.00232358	0.000426291	0.000714214	-0.00768331
0.00509644	-0.000470721	-0.00378076	0.000384831	0.000514843	-0.00516684
0.00938416	-0.000849115	-0.00376387	0.000349827	0.0003496	0.00485372
-0.00447083	-0.000997376	-0.00256696	0.000334774	0.00024876	0.00956109
-0.0135803	-0.00115634	-0.00175593	0.000307245	0.000127597	0.00281753
-0.00283813	-0.00142791	-0.0017296	0.000248652	-5.63445E-005	-0.00419699
0.00436401	-0.00164687	-0.00150733	0.000180761	-0.000242872	-0.00193361
0.00765991	-0.00165165	-0.0004518	0.000131493	-0.000362955	0.00447084
-0.00177002	-0.0014764	0.000949197	0.000103302	-0.0004168	0.00572964
-0.00860596	-0.00130398	0.00169452	7.32233E-005	-0.000466726	0.000135934
-0.000976563	-0.00122217	0.00158584	2.71159E-005	-0.00054734	-0.00475069
0.00779724	-0.00110482	0.00150092	-1.70538E-005	-0.000611584	-0.00228497
-0.00149536	-0.000874678	0.00181017	-4.4372E-005	-0.000624674	0.00208432
0.000274658	-0.000618799	0.00200417	-6.39239E-005	-0.000613933	0.00153969
0.00500488	-0.000360622	0.00203028	-7.73435E-005	-0.000585939	-9.02057E-005
-0.00193787	-8.80655E-005	0.0020211	-8.11596E-005	-0.000534288	-0.000284602
-0.00956726	8.79008E-005	0.00151691	-9.20333E-005	-0.00050225	-0.00255084
-0.00326538	0.000100284	0.000429654	-0.000124073	-0.000522397	-0.00477711
-0.00180054	3.61784E-005	-0.000586151	-0.000168929	-0.000569154	-0.0026906
-0.00331116	-3.27693E-005	-0.00117499	-0.000217822	-0.000618353	0.000750248
-0.00230408	-0.000102607	-0.00143577	-0.000270578	-0.000669169	0.0019445
-0.00183105	-0.000161714	-0.00142656	-0.000325591	-0.000717373	0.00182735
0.0110626	-0.000125235	-0.000877324	-0.000368409	-0.000727983	0.00326462
0.0180511	0.000162119	0.000678827	-0.000368876	-0.000631599	0.00723066
0.00622559	0.000690666	0.00276979	-0.000317157	-0.000415779	0.00774747
-0.000991821	0.00122116	0.00403869	-0.000241141	-0.000161602	0.000682698
0.000991821	0.00158369	0.0039489	-0.000166404	6.35186E-005	-0.00674972
0.0080719	0.00182479	0.00319525	-8.96179E-005	0.000269424	-0.0068308
0.00991821	0.00206036	0.00259168	5.45264E-006	0.00049646	-0.00168201
0.00120544	0.00228034	0.00210511	0.000118378	0.000740336	0.000920143
-0.00752258	0.00233044	0.00105287	0.000223979	0.000937017	-0.00247846
-0.0134583	0.00206975	-0.000941421	0.000292353	0.00101777	-0.00761318
-0.00938416	0.00150597	-0.00342686	0.000311406	0.000964712	-0.008405
-0.004776	0.000793444	-0.00543766	0.000292384	0.000819223	-0.00334066
-0.00325012	9.44744E-005	-0.00633942	0.000253093	0.000634879	0.0031586
-0.00144958	-0.000506338	-0.00613363	0.00020463	0.000443723	0.0065328
-0.00650024	-0.00100533	-0.00525164	0.000148237	0.000250601	0.00578875
-0.000335693	-0.00141528	-0.00408888	8.30061E-005	5.46127E-005	0.00339318
0.00410461	-0.00167055	-0.00256259	2.11465E-005	-0.00011321	0.00322233
0.00212097	-0.00172548	-0.000708384	-2.51242E-005	-0.000225142	0.00406913
-0.00038147	-0.001643	0.000966943	-5.90337E-005	-0.000294121	0.00241395
-0.0012207	-0.00150634	0.00206384	-8.8976E-005	-0.000344576	-0.000772494
-0.0043335	-0.00137318	0.00247942	-0.000122014	-0.000395343	-0.0031224
0.00332642	-0.00123952	0.00247027	-0.000157092	-0.000443631	-0.00296273
0.00125122	-0.00104996	0.00246601	-0.000184317	-0.000465484	-0.000517981
-0.00187683	-0.000824379	0.00241743	-0.000203964	-0.000464225	0.000455509
0.00474548	-0.00059101	0.00225307	-0.00021828	-0.000447749	-1.73752E-005
0.00537109	-0.000301488	0.00226935	-0.000217652	-0.000394415	0.000974026
-0.000961304	2.18546E-005	0.00233557	-0.000202133	-0.000308453	0.0010901
-0.00123596	0.000283138	0.00202939	-0.000184827	-0.000225522	-0.00128401
-0.00369263	0.000435002	0.00130166	-0.000174735	-0.000167677	-0.00326206
0.00473022	0.000519992	0.000539199	-0.000168138	-0.000123684	-0.00224252
0.00144958	0.000614362	0.00014568	-0.000154303	-6.6317E-005	0.000764337
-0.00154114	0.000701447	-5.23346E-005	-0.000135081	-1.73872E-006	0.00152549
0.00050354	0.000735738	-0.000317311	-0.000117864	5.10168E-005	3.53066E-005
0.00341797	0.000750949	-0.000471364	-9.87751E-005	0.000102305	-5.37465E-005
-0.000671387	0.000769839	-0.00045223	-7.45531E-005	0.000159948	0.000667205
-0.00727844	0.000720549	-0.000651339	-5.69555E-005	0.000194469	-0.000857373
0.00204468	0.000579111	-0.00110574	-5.28728E-005	0.000191327	-0.00227627
0.00352478	0.000454249	-0.00123451	-4.8296E-005	0.000188436	0.000115935
-0.000778198	0.000389608	-0.000958479	-3.58222E-005	0.000203819	0.00244349
0.00460815	0.000358071	-0.000563766	-1.79418E-005	0.000229543	0.00206826
0.000976563	0.000364658	-0.000102726	7.36289E-006	0.000269376	0.00126272
0.00634766	0.000414241	0.000390443	4.24777E-005	0.000327526	0.000875489
0.00480652	0.000518991	0.000929354	9.1435E-005	0.000411687	0.00102421
-0.0116119	0.000574055	0.00100411	0.000139336	0.000482653	-0.00144679
-0.0149384	0.000378516	-0.000125709	0.000150719	0.000455305	-0.00726873
-0.000839233	-3.13983E-005	-0.00183134	0.000120803	0.000328215	-0.0078415
0.00382996	-0.000402673	-0.00269961	8.15787E-005	0.000189949	-9.01652E-005
-0.00680542	-0.000654428	-0.00261148	4.61787E-005	7.43349E-005	0.00552455
-0.00291443	-0.000878106	-0.00231991	2.50149E-006	-4.96825E-005	0.00374861
0.0132751	-0.000992099	-0.00156999	-3.5894E-005	-0.000147653	0.00323443
0.00578308	-0.000859666	3.5762E-005	-4.23872E-005	-0.000157039	0.00611146
-0.00430298	-0.000610208	0.00153864	-2.84812E-005	-0.000114744	0.00370142
-0.00909424	-0.000471487	0.00187681	-2.66997E-005	-0.000105281	-0.00383702
-0.00588989	-0.000505815	0.00115598	-5.12387E-005	-0.000159905	-0.0079056
0.00134277	-0.000605438	0.0002711	-9.10128E-005	-0.000244941	-0.00480263
0.0119476	-0.000583907	0.000177916	-0.000117785	-0.000288303	0.0025667
0.0116882	-0.000320066	0.00117308	-0.000106329	-0.000232742	0.00818419
-0.00202942	7.79155E-005	0.00236773	-6.39639E-005	-0.000106408	0.00602362
-0.00811768	0.000358494	0.00251969	-2.56681E-005	-2.16288E-006	-0.00266383
-0.00228882	0.000429829	0.00157525	-1.00198E-005	3.6515E-005	-0.00813285
-0.00668335	0.000357978	0.000266641	-1.37098E-005	2.40912E-005	-0.00645403
0.00241089	0.000224217	-0.00083482	-2.90163E-005	-1.54333E-005	-0.00187051
0.0187988	0.000222268	-0.000869584	-2.64186E-005	-7.38199E-006	0.00487174
0.00827026	0.000484591	0.000394657	2.16076E-005	0.000110257	0.00980493
-0.00146484	0.000831941	0.00164771	9.67221E-005	0.000281214	0.00542078
-0.00704956	0.00101653	0.00171355	0.000162459	0.000410613	-0.00414114
-0.00743103	0.000955186	0.000615492	0.000199471	0.000455025	-0.00933195
0.00582886	0.000761168	-0.000685757	0.000216924	0.000445158	-0.00617793
0.00686646	0.00063329	-0.00116054	0.000242133	0.000453001	0.00176617
0.00262451	0.000615811	-0.000866115	0.000284545	0.000499759	0.00574921
-0.00775146	0.000572228	-0.000697738	0.000325484	0.000535952	0.00213317
-0.0122681	0.000345104	-0.00134208	0.000337224	0.000495178	-0.00444625
-0.00480652	-6.5071E-005	-0.00250753	0.000311441	0.000365309	-0.00648249
-0.000289917	-0.000496355	-0.00325169	0.000266017	0.00019957	-0.00173657
-0.00447083	-0.000848371	-0.0032483	0.00021469	3.58975E-005	0.00331037
0.00236511	-0.00110634	-0.00270854	0.000161117	-0.000116156	0.0045818
0.00462341	-0.00121511	-0.00162317	0.000116797	-0.000229034	0.00485094
-0.000762939	-0.00117634	-0.000262286	8.66101E-005	-0.000294299	0.00400081
-0.00994873	-0.00113089	0.000568846	5.27066E-005	-0.000359855	-0.000366199
0.00102234	-0.00114877	0.000689889	3.66673E-006	-0.000453153	-0.00390413
0.00474548	-0.00111156	0.000870991	-4.32865E-005	-0.000529139	-0.0013987
-0.00135803	-0.000963893	0.00134844	-7.65801E-005	-0.000561152	0.0020455
-0.00210571	-0.000794102	0.00162393	-0.000106056	-0.000577501	0.000984505
-0.000244141	-0.000645444	0.00157735	-0.000137306	-0.000593392	-0.00116089
0.00132751	-0.000489922	0.00146566	-0.000165716	-0.000597696	-0.00101911
0.00941467	-0.000261779	0.00163231	-0.000179149	-0.000562197	0.00129351
0.0107117	0.000112262	0.00232336	-0.000161205	-0.000451377	0.00412371
0.00413513	0.000589628	0.00315719	-0.000111297	-0.000272124	0.00369801
-0.00152588	0.00101258	0.00335905	-4.93182E-005	-8.07209E-005	-0.00106199
0.00512695	0.0013081	0.00282729	1.26522E-005	9.1204E-005	-0.0046673
0.0039978	0.00153004	0.0021016	8.03832E-005	0.000258727	-0.00346556
0.0015564	0.00169275	0.00137286	0.000154752	0.000423571	-0.00132872
0.00445557	0.00178006	0.000623161	0.000231762	0.000575494	-0.000677052
0.00756836	0.00183748	0.000106908	0.000316772	0.000728121	0.000445996
0.000183105	0.00187101	-0.000203311	0.000410122	0.000881521	0.000931548
0.00262451	0.00182461	-0.000620938	0.000501806	0.00101065	-0.000566126
-0.00567627	0.0016551	-0.00129693	0.000581344	0.001092	-0.00243926
-0.0149536	0.00126982	-0.00254283	0.000627549	0.00107869	-0.00514053
-0.0045929	0.000657151	-0.00418006	0.000628047	0.00095053	-0.00596328
0.00473022	3.17649E-005	-0.00506666	0.000606852	0.000778351	-0.00027723
-0.000946045	-0.000440528	-0.0047077	0.000588068	0.000626247	0.00625085
-0.00640869	-0.000823058	-0.00386974	0.000564487	0.00047561	0.00568643
-0.0110016	-0.00123855	-0.00335482	0.000516826	0.000280337	0.00027022
-0.00886536	-0.00171909	-0.00326702	0.000436018	2.40027E-005	-0.00327399
-0.00860596	-0.00221117	-0.00325959	0.000325752	-0.000276876	-0.00251703
-0.0068512	-0.00264957	-0.00303654	0.000193698	-0.000597601	0.000164303
0.00126648	-0.00294803	-0.00231353	5.38772E-005	-0.000900496	0.00319493
0.00665283	-0.00298893	-0.000782476	-7.02964E-005	-0.00112903	0.006494
0.00175476	-0.00275691	0.0012714	-0.000166638	-0.00126013	0.00709911
-0.00750732	-0.00241089	0.00286514	-0.000250239	-0.00133988	0.00222775
-0.00398254	-0.00210239	0.00341697	-0.000340555	-0.00142057	-0.00388362
0.013916	-0.00173681	0.00370887	-0.000421713	-0.00146342	-0.00285409
0.0176392	-0.00110144	0.00481419	-0.00045387	-0.0013755	0.00456719
0.00846863	-0.000217117	0.00636713	-0.000426634	-0.00114554	0.00726815
-0.00338745	0.000646589	0.00699097	-0.000370914	-0.000864486	0.000305094
-0.00337219	0.0012653	0.00602272	-0.00032064	-0.000621625	-0.00843899
0.00634766	0.00166588	0.00422906	-0.000277476	-0.000418568	-0.00920886
0.00453186	0.00198643	0.00265497	-0.000224401	-0.000211086	-0.00319607
-0.0078125	0.00219155	0.0011934	-0.000168541	-1.80843E-005	-0.00044124
-0.0050354	0.00216467	-0.000619281	-0.000132684	0.000105525	-0.0028981
0.00468445	0.00198626	-0.00221517	-0.000112245	0.000177286	-0.00233671
0.00151062	0.0018102	-0.00291642	-8.79379E-005	0.000248994	0.0021907
-0.00636292	0.0016118	-0.00313062	-6.44927E-005	0.000308863	0.00312352
-0.0035553	0.00131137	-0.00341245	-5.70318E-005	0.000321127	0.000133317
0.00775146	0.00100077	-0.00336548	-5.55031E-005	0.000315064	0.000404888
0.0114136	0.000856528	-0.00236202	-3.20805E-005	0.000360267	0.00496487
-0.00125122	0.000862899	-0.000886948	1.64832E-005	0.0004593	0.00584954
-0.00172424	0.000844165	5.59266E-006	6.6651E-005	0.000549114	0.000330441
-0.000717163	0.000733671	0.000143659	0.000106184	0.000600551	-0.00419226
0.00299072	0.000590268	2.73024E-005	0.000140851	0.000631372	-0.00345115
0.000747681	0.000462047	-3.62609E-005	0.000176732	0.000658412	-0.000712551
-0.00105286	0.000333094	-0.000129201	0.000211081	0.000675382	0.000153652
0.00253296	0.00019483	-0.000273177	0.000241737	0.000678102	-0.000159581
-0.00474548	4.44487E-005	-0.000454911	0.000267101	0.000664257	-0.000516173
-0.0157471	-0.000230159	-0.00115243	0.000266976	0.000586663	-0.00327968
-0.00628662	-0.000685922	-0.00241407	0.000225359	0.000413424	-0.00556203
-0.000320435	-0.00116216	-0.00327537	0.000159649	0.00019752	-0.00172306
-0.00665283	-0.001538	-0.00329836	8.67223E-005	-1.4523E-005	0.00347185
-0.00689697	-0.00185595	-0.002973	1.18864E-006	-0.000235044	0.00361148
0.000640869	-0.00210393	-0.00240469	-9.45502E-005	-0.000456203	0.00240412
0.000564575	-0.00219778	-0.00135048	-0.000185129	-0.000639499	0.00340256
-0.00117493	-0.0021378	-4.27273E-005	-0.000265286	-0.000775118	0.00360861
-0.00254822	-0.00199137	0.00106092	-0.000340243	-0.000879991	0.00147604
-0.00338745	-0.00181213	0.00173963	-0.000415086	-0.000969198	-0.000954368
0.000457764	-0.0016053	0.00209701	-0.000488652	-0.00104121	-0.00157443
0.00761414	-0.00130316	0.00255324	-0.000547524	-0.00106497	0.000594462
0.0125122	-0.000815272	0.00348947	-0.000571243	-0.000995743	0.0040843
0.00183105	-0.000185193	0.00453903	-0.000557322	-0.000837454	0.0040955
-0.00315857	0.000391971	0.00477795	-0.000529687	-0.000658262	-0.00139318
0.00764465	0.00084641	0.00419592	-0.000499061	-0.000487426	-0.00517393
0.00762939	0.00128159	0.00360529	-0.000450327	-0.000288378	-0.00253454
-0.00369263	0.00167204	0.00296864	-0.000386056	-7.13361E-005	-0.00062164
-0.00279236	0.00188248	0.0017621	-0.000328506	0.000106632	-0.00317044
0.00502014	0.00193981	0.000377978	-0.000278879	0.00024564	-0.00358589
0.0092926	0.00199548	-0.000368276	-0.000217143	0.000397623	0.000785524
-0.0020752	0.00206524	-0.000585386	-0.000140163	0.000568164	0.00317401
-0.00967407	0.00198568	-0.00118586	-7.42845E-005	0.000690593	-0.000912082
0.00485229	0.0017305	-0.00215347	-3.00023E-005	0.000743773	-0.00397527
0.00758362	0.00149364	-0.00247774	1.72795E-005	0.000794352	0.000254528
-0.00140381	0.00133511	-0.00211959	7.73052E-005	0.000866168	0.0040097
-0.00566101	0.00112274	-0.00195108	0.0001302	0.000908583	0.00112772
-0.00720215	0.000771869	-0.00233137	0.000158562	0.000882251	-0.00332254
-0.00358582	0.000318609	-0.00292683	0.000161224	0.000791614	-0.00385937
0.000930786	-0.000126871	-0.00317015	0.000150316	0.000673306	-0.000413676
0.000564575	-0.00047541	-0.00279589	0.00013876	0.000562294	0.00328796
-0.000198364	-0.000720701	-0.00203005	0.000129501	0.000465707	0.00396931
-0.00666809	-0.000926069	-0.00135164	0.000114518	0.000363201	0.00145847
-0.00463867	-0.00115453	-0.00106644	8.35313E-005	0.000231013	-0.00165622
0.00396729	-0.00134747	-0.000805372	4.41197E-005	9.13077E-005	-0.00113042
0.0022583	-0.00140219	-0.000116371	1.37595E-005	-1.1938E-005	0.00227477
0.00598145	-0.00130303	0.000896357	4.05007E-008	-6.34365E-005	0.00393041
0.0162201	-0.00100868	0.00226589	1.63118E-005	-3.57499E-005	0.00471234
0.00358582	-0.000527242	0.00378382	7.02812E-005	8.16494E-005	0.00420357
-0.00476074	-7.124E-005	0.00440211	0.000135953	0.00021587	-0.00153129
0.00195313	0.000216455	0.00378998	0.000190608	0.00030929	-0.0071065
-0.000320435	0.000386729	0.00266361	0.000237681	0.000373902	-0.00632433
-0.00283813	0.000462654	0.00140166	0.00027734	0.00041272	-0.00336728
-0.0032959	0.000423645	5.62594E-005	0.000302828	0.000411775	-0.00203574
-0.00228882	0.000291707	-0.00115961	0.000313146	0.000372719	-0.00110995
-0.00538635	9.26497E-005	-0.0021093	0.000308305	0.00029969	-0.000196092
-0.0111694	-0.000203512	-0.00297887	0.000279566	0.00017532	-0.000755563
-0.00642395	-0.000604682	-0.0038097	0.000220191	-1.08873E-005	-0.00149315
0.00901794	-0.000946738	-0.00387169	0.000151508	-0.000199872	0.00212568
0.00941467	-0.00102424	-0.00253804	0.000108546	-0.00030529	0.00840048
0.0010376	-0.000866465	-0.000511351	9.62807E-005	-0.000323022	0.00879677
-0.00596619	-0.000680804	0.000916371	8.97902E-005	-0.00032249	0.00168072
-0.00410461	-0.000596569	0.00128063	6.93001E-005	-0.000353683	-0.00509323
0.00350952	-0.000559217	0.00116717	4.03869E-005	-0.000399772	-0.00502275
0.00196838	-0.000466283	0.00121716	1.86116E-005	-0.000421295	-0.000582947
0.00640869	-0.000287229	0.00153061	1.17665E-005	-0.000401792	0.00243569
0.00196838	-4.03902E-005	0.00194038	2.10903E-005	-0.00034261	0.00245965
0.00265503	0.000219652	0.0021679	4.13797E-005	-0.000260813	0.00046494
0.00245667	0.000455982	0.00211709	6.83545E-005	-0.0001696	-0.00126869
-0.0072937	0.000608795	0.00163759	9.23291E-005	-9.39995E-005	-0.00285962
-0.0072937	0.000583738	0.000495833	9.50248E-005	-7.72792E-005	-0.00510595
6.10352E-005	0.00042194	-0.00083007	7.63275E-005	-0.000113872	-0.00422611
0.00881958	0.000303822	-0.0013987	6.04673E-005	-0.000139339	0.00143199
0.00869751	0.000358815	-0.000860991	7.04093E-005	-9.88986E-005	0.00683248
-0.00489807	0.000500187	-1.63046E-005	9.87255E-005	-1.75072E-005	0.00537938
-0.0162506	0.000475874	-0.000153593	0.000107192	7.37709E-006	-0.0030711
-0.0115967	0.000160575	-0.00151017	6.81292E-005	-8.59107E-005	-0.00953356
0.00123596	-0.000278347	-0.00286957	-3.35194E-006	-0.000248205	-0.00599763
0.00701904	-0.000575831	-0.00298768	-6.97877E-005	-0.000380658	0.00379792
0.000839233	-0.000655099	-0.00195031	-0.00011427	-0.000444553	0.00901243
-0.00805664	-0.000662219	-0.00087662	-0.000153262	-0.000486553	0.0049464
-0.00361633	-0.000724151	-0.000425542	-0.000205387	-0.000553979	-0.00168967
0.00132751	-0.000788784	-0.000192571	-0.000264408	-0.000628833	-0.00269373
-0.000442505	-0.000777175	0.000234479	-0.000317534	-0.000678987	0.000255101
-0.00486755	-0.000725717	0.000610996	-0.000367882	-0.000714352	0.000957111
0.00274658	-0.000661682	0.00081991	-0.000418249	-0.00074315	3.41522E-005
0.0063324	-0.000507983	0.00126138	-0.000454859	-0.000732537	0.00140203
-0.00900269	-0.000300232	0.00169072	-0.000479386	-0.000690743	0.00130955
-0.00952148	-0.000217327	0.00130731	-0.000518729	-0.000686606	-0.0033207
0.00761414	-0.000218132	0.000602896	-0.000570423	-0.000710449	-0.00400408
0.019165	-2.1949E-005	0.000991881	-0.000590478	-0.000652534	0.00384782
0.00862122	0.000465784	0.00252606	-0.000554136	-0.000461383	0.0096233
-0.00918579	0.00097433	0.00354597	-0.000492854	-0.000227994	0.00341002
-3.05176E-005	0.00125972	0.00309522	-0.00044409	-4.89183E-005	-0.00669106
0.0100403	0.00142926	0.00219053	-0.000396899	0.000106986	-0.00677781
0.0108643	0.00167079	0.00189729	-0.000323141	0.000309658	0.000526422
-0.000793457	0.00194096	0.00185476	-0.000225811	0.000546087	0.00303353
-0.0037384	0.00206476	0.00121136	-0.000131612	0.000746847	-0.00159352
0.0014801	0.00200167	2.4737E-005	-5.22629E-005	0.000886169	-0.00498791
-0.00497437	0.00180834	-0.00120879	1.42914E-005	0.000974718	-0.00381242
-0.00222778	0.00149829	-0.00235723	6.4361E-005	0.00100841	-0.00195517
-0.00112915	0.00111675	-0.00320801	9.94712E-005	0.000996558	-0.000154187
-0.00973511	0.000679313	-0.00377805	0.000117513	0.000938923	0.000503712
-0.00733948	0.000145878	-0.00435023	0.000107264	0.000813397	-0.000838535
0.00566101	-0.00037589	-0.00445863	8.02359E-005	0.000655677	0.000760105
0.0108948	-0.000673956	-0.00335143	6.97556E-005	0.000550989	0.00644787
-0.00190735	-0.000740851	-0.00150109	8.41881E-005	0.000514972	0.0079961
-0.00688171	-0.000784019	-0.000212748	9.72005E-005	0.000476994	0.00156918
0.00337219	-0.000875772	0.000291663	9.71596E-005	0.000409279	-0.0037666
0.00923157	-0.000874105	0.000881014	0.000105411	0.00036713	-0.00124211
0.00169373	-0.00072494	0.00175124	0.00013458	0.000378922	0.00246926
-0.00422668	-0.000564238	0.00217604	0.000168214	0.000399207	0.000344812
-0.000473022	-0.000489621	0.00186995	0.000191038	0.00038996	-0.00355638
0.00195313	-0.000454574	0.00132886	0.000207768	0.000365721	-0.00329144
0.00138855	-0.000402543	0.000940632	0.000226445	0.000347719	-0.000534168
0.00442505	-0.000316318	0.000774441	0.000250812	0.000344553	0.00133323

