EOG (.05 - 35 Hz)
-2.67395
-2.57996
-2.5058
-2.40814
-2.24731
-2.01752
-1.73676
-1.44165
-1.1731
-0.951233
-0.779114
-0.646973
-0.540161
-0.45166
-0.374451
-0.307312
-0.249939
-0.203247
-0.168152
-0.140381
-0.117493
-0.0973511
-0.0778198
-0.0567627
-0.03479
-0.0149536
0.00274658
0.0146484
0.0213623
0.0189209
0.00946045
-0.06073
-0.226135
-0.499268
-0.871887
-1.30035
-1.74011
-2.16034
-2.5293
-2.87476
-3.17261
-3.41614
-3.60443
-3.79028
-3.97797
-4.16748
-4.32251
-4.41437
-4.41528
-4.3222
-4.13635
-3.85925
-3.50433
-3.10791
-2.71393
-2.34833
-2.01782
-1.72913
-1.48926
-1.30035
-1.14868
-1.02478
-0.925293
-0.847168
-0.788879
-0.740662
-0.694885
-0.649719
-0.606995
-0.571594
-0.552368
-0.530701
-0.501404
-0.491943
-0.515442
-0.587769
-0.705872
-0.904846
-1.17157
-1.47949
-1.81122
-2.1814
-2.60223
-2.98462
-3.25684
-3.45886
-3.63556
-3.81348
-3.98407
-4.14032
-4.27002
-4.34204
-4.32098
-4.19403
-3.96423
-3.64441
-3.27118
-2.89093
-2.53632
-2.22321
-1.95099
-1.71509
-1.5152
-1.35071
-1.21918
-1.11664
-1.03577
-0.97168
-0.922546
-0.88562
-0.852051
-0.829468
-0.809631
-0.783081
-0.759277
-0.748901
-0.801697
-0.936584
-1.13739
-1.33606
-1.58112
-1.91772
-2.35474
-2.79144
-3.13538
-3.35724
-3.50281
-3.61389
-3.78479
-4.03778
-4.3335
-4.57367
-4.69421
-4.69604
-4.59351
-4.39697
-4.11316
-3.75977
-3.36823
-2.97455
-2.60864
-2.28699
-2.01538
-1.78925
-1.60278
-1.44714
-1.3205
-1.22009
-1.14105
-1.0791
-1.02905
-0.988464
-0.954895
-0.926514
-0.903931
-0.881958
-0.863037
-0.84137
-0.816345
-0.790405
-0.762329
-0.7547
-0.764465
-0.76355
-0.759583
-0.777893
-0.906067
-1.11511
-1.38062
-1.60278
-1.8103
-2.07336
-2.43103
-2.82684
-3.14362
-3.32245
-3.39233
-3.39417
-3.41888
-3.51563
-3.69904
-3.88733
-3.98956
-3.97705
-3.86627
-3.66425
-3.37372
-3.01392
-2.62665
-2.26105
-1.95251
-1.70715
-1.51367
-1.35925
-1.23322
-1.13342
-1.05194
-0.986328
-0.938416
-0.907898
-0.888977
-0.870056
-0.848999
-0.824585
-0.802002
-0.784912
-0.773926
-0.762634
-0.74707
-0.732422
-0.723877
-0.718994
-0.703125
-0.70282
-0.706177
-0.708008
-0.756836
-0.884399
-1.14502
-1.48193
-1.83289
-2.1637
-2.41974
-2.66235
-2.91809
-3.20129
-3.44482
-3.57788
-3.62152
-3.58673
-3.51593
-3.44635
-3.4082
-3.39569
-3.35999
-3.25531
-3.07037
-2.80945
-2.49908
-2.18018
-1.88965
-1.64398
-1.44562
-1.29333
-1.18103
-1.09833
-1.0318
-0.976257
-0.928345
-0.892029
-0.864258
-0.847473
-0.837708
-0.828552
-0.815125
-0.792236
-0.774841
-0.751953
-0.729675
-0.708008
-0.688477
-0.701294
-0.712891
-0.745239
-0.839844
-1.03394
-1.31958
-1.63818
-1.96686
-2.28027
-2.55585
-2.75146
-2.85675
-2.90375
-2.9184
-2.90924
-2.8537
-2.80121
-2.81097
-2.89429
-2.99072
-3.02155
-2.96692
-2.83997
-2.65564
-2.42035
-2.15668
-1.89301
-1.65588
-1.45813
-1.30035
-1.17523
-1.07697
-0.996704
-0.930176
-0.877991
-0.840759
-0.817261
-0.801697
-0.78949
-0.779419
-0.768738
-0.753174
-0.731506
-0.71167
-0.693054
-0.67688
-0.663757
-0.642395
-0.622559
-0.612183
-0.605469
-0.621033
-0.706177
-0.874023
-1.12457
-1.42731
-1.75049
-2.08282
-2.39136
-2.66724
-2.92267
-3.15887
-3.35419
-3.52203
-3.70514
-3.89252
-4.06525
-4.18243
-4.23737
-4.22241
-4.1272
-3.95142
-3.71704
-3.44055
-3.1427
-2.82867
-2.50854
-2.19452
-1.90186
-1.65558
-1.45874
-1.31134
-1.19965
-1.11298
-1.0434
-0.983582
-0.930786
-0.886536
-0.851135
-0.826416
-0.809326
-0.793457
-0.776978
-0.758972
-0.741882
-0.726318
-0.712585
-0.711975
-0.712891
-0.711975
-0.702515
-0.687256
-0.702209
-0.715332
-0.739441
-0.794983
-0.926208
-1.13831
-1.4209
-1.75476
-2.07916
-2.38647
-2.67883
-3.01056
-3.38074
-3.72284
-3.97217
-4.11804
-4.17023
-4.13544
-4.01825
-3.81775
-3.55103
-3.23486
-2.90405
-2.5769
-2.26715
-1.97662
-1.71051
-1.48041
-1.29028
-1.14227
-1.0321
-0.952759
-0.895386
-0.860596
-0.838318
-0.823669
-0.80719
-0.786133
-0.764465
-0.768127
-0.771179
-0.766296
-0.77179
-0.839844
-1.01166
-1.25214
-1.49506
-1.72302
-1.97021
-2.29004
-2.66083
-3.0191
-3.28949
-3.46954
-3.58063
-3.66943
-3.7677
-3.89526
-4.03259
-4.11224
-4.0921
-3.97064
-3.76648
-3.49121
-3.15674
-2.78992
-2.42432
-2.09412
-1.81458
-1.58813
-1.40625
-1.26221
-1.14594
-1.05347
-0.98175
-0.9375
-0.91217
-0.895996
-0.874329
-0.846558
-0.815735
-0.786743
-0.762329
-0.74646
-0.734558
-0.726624
-0.719299
-0.705261
-0.707092
-0.692749
-0.690002
-0.693359
-0.690918
-0.727844
-0.829773
-1.03363
-1.32355
-1.65894
-2.03186
-2.38098
-2.66571
-2.88788
-3.07343
-3.26447
-3.4137
-3.48663
-3.45795
-3.32458
-3.09723
-2.80029
-2.46582
-2.12921
-1.8222
-1.55945
-1.34094
-1.16425
-1.02112
-0.906067
-0.817871
-0.760193
-0.727844
-0.705872
-0.684204
-0.661316
-0.641479
-0.621643
-0.601501
-0.582581
-0.565796
-0.54657
-0.551453
-0.545349
-0.548706
-0.578308
-0.712891
-0.925598
-1.2207
-1.5799
-1.97662
-2.36633
-2.69348
-2.93335
-3.11371
-3.21594
-3.22723
-3.16498
-3.03925
-2.86407
-2.63397
-2.35199
-2.03613
-1.71753
-1.42639
-1.18225
-0.990601
-0.849915
-0.748901
-0.675049
-0.622253
-0.58075
-0.545959
-0.515442
-0.48584
-0.460205
-0.435486
-0.410461
-0.391235
-0.38147
-0.375061
-0.381775
-0.369568
-0.34668
-0.310974
-0.293579
-0.325317
-0.377502
-0.418091
-0.493164
-0.657959
-0.928955
-1.2915
-1.64307
-1.97174
-2.31934
-2.64587
-2.98431
-3.28888
-3.56079
-3.77594
-3.92975
-4.01917
-4.11682
-4.21265
-4.25995
-4.22394
-4.1156
-3.9447
-3.71948
-3.4375
-3.10242
-2.73682
-2.36694
-2.01996
-1.71448
-1.45569
-1.24603
-1.08276
-0.960999
-0.877991
-0.827637
-0.802917
-0.788879
-0.770569
-0.746765
-0.722046
-0.700378
-0.681458
-0.664673
-0.651855
-0.64209
-0.63446
-0.619202
-0.598145
-0.580139
-0.570068
-0.565186
-0.54657
-0.520935
-0.508728
-0.527344
-0.596924
-0.65094
-0.714417
-0.828857
-1.07971
-1.46423
-1.86859
-2.20215
-2.43225
-2.59827
-2.7832
-3.00232
-3.23517
-3.39996
-3.46161
-3.42468
-3.31421
-3.16376
-3.00659
-2.86896
-2.72308
-2.52747
-2.2757
-1.98456
-1.68091
-1.39465
-1.15112
-0.96405
-0.830688
-0.743408
-0.691833
-0.662537
-0.639038
-0.611572
-0.578003
-0.545959
-0.52124
-0.503845
-0.489502
-0.469971
-0.458984
-0.448303
-0.432739
-0.400391
-0.384521
-0.376282
-0.408325
-0.475769
-0.631104
-0.896606
-1.22864
-1.58752
-1.93909
-2.27875
-2.56775
-2.78137
-2.93396
-3.06305
-3.19122
-3.26752
-3.24554
-3.12897
-2.96082
-2.77069
-2.56439
-2.32758
-2.05383
-1.75385
-1.44958
-1.16943
-0.934753
-0.751343
-0.619202
-0.532837
-0.484924
-0.460205
-0.441284
-0.418396
-0.39032
-0.36499
-0.343323
-0.325928
-0.311584
-0.302124
-0.294495
-0.284424
-0.271301
-0.256348
-0.24353
-0.235291
-0.227966
-0.221252
-0.218811
-0.185242
-0.142517
-0.0891113
-0.0888062
-0.144348
-0.226746
-0.305481
-0.43396
-0.620422
-0.887756
-1.203
-1.49139
-1.73431
-1.93848
-2.13928
-2.38098
-2.59888
-2.73041
-2.76245
-2.70874
-2.58606
-2.41119
-2.19666
-1.96045
-1.71722
-1.47308
-1.23535
-1.00861
-0.803528
-0.634155
-0.501709
-0.411682
-0.359497
-0.332947
-0.315552
-0.293884
-0.268555
-0.249634
-0.237427
-0.227661
-0.218506
-0.210876
-0.205078
-0.194092
-0.16449
-0.153809
-0.13855
-0.143127
-0.140076
-0.175171
-0.289612
-0.513916
-0.829773
-1.18591
-1.54388
-1.84143
-2.08649
-2.2876
-2.44415
-2.55035
-2.59308
-2.56805
-2.50366
-2.38647
-2.24548
-2.09808
-1.95679
-1.80328
-1.61316
-1.37848
-1.11694
-0.858765
-0.635071
-0.461121
-0.341492
-0.275269
-0.246277
-0.233765
-0.21637
-0.187683
-0.158081
-0.135498
-0.12146
-0.114136
-0.106506
-0.09552
-0.0842285
-0.0869751
-0.0750732
-0.06073
-0.0402832
-0.0180054
-0.0265503
-0.0476074
-0.119324
-0.296021
-0.536194
-0.855103
-1.21735
-1.57349
-1.93329
-2.19543
-2.3822
-2.51831
-2.63916
-2.75269
-2.80487
-2.75726
-2.61688
-2.40234
-2.13165
-1.82098
-1.49414
-1.17584
-0.887451
-0.6427
-0.448303
-0.305176
-0.215759
-0.165405
-0.135498
-0.108032
-0.0759888
-0.0463867
-0.0213623
0.00152588
0.0244141
0.0448608
0.0619507
0.0756836
0.088501
0.0997925
0.107117
0.113831
0.133057
0.152588
0.179138
0.193481
0.196533
0.182495
0.168152
0.15686
0.137024
0.0390625
-0.19104
-0.523376
-0.889893
-1.20209
-1.46118
-1.72119
-2.01965
-2.341
-2.59949
-2.73285
-2.73773
-2.65686
-2.51343
-2.31323
-2.05902
-1.76636
-1.4563
-1.14624
-0.851746
-0.587463
-0.364075
-0.196838
-0.0942993
-0.0408936
-0.0106812
0.0204468
0.0518799
0.0790405
0.102844
0.123596
0.143127
0.159302
0.17395
0.185852
0.199585
0.212097
0.227051
0.244751
0.25116
0.249939
0.252991
0.275879
0.328369
0.360107
0.324097
0.24292
0.10437
-0.0619507
-0.30426
-0.60791
-0.92041
-1.20605
-1.39191
-1.48743
-1.51184
-1.54755
-1.6153
-1.67328
-1.66718
-1.57684
-1.42487
-1.23138
-1.01074
-0.772095
-0.534668
-0.318604
-0.132751
0.0180054
0.126343
0.192871
0.227051
0.248718
0.271912
0.299377
0.323486
0.33905
0.337524
0.33905
0.343323
0.363159
0.370789
0.323792
0.197144
-0.00915527
-0.287781
-0.661926
-1.07819
-1.52008
-1.90277
-2.24884
-2.55676
-2.80365
-2.9657
-3.0545
-3.11157
-3.15002
-3.14362
-3.06763
-2.91901
-2.70691
-2.4411
-2.13013
-1.78833
-1.43921
-1.10352
-0.800781
-0.545044
-0.340881
-0.185547
-0.0704956
0.00488281
0.0476074
0.0686646
0.0836182
0.10498
0.13031
0.153503
0.172119
0.185242
0.203247
0.224304
0.247498
0.260315
0.286255
0.320129
0.331726
0.289307
0.173035
-0.0210571
-0.266724
-0.578003
-0.93811
-1.30585
-1.65924
-1.93817
-2.11395
-2.17072
-2.12769
-2.02179
-1.87073
-1.6806
-1.45813
-1.22559
-1.00159
-0.783386
-0.565186
-0.360718
-0.182495
-0.0396729
0.0708008
0.14679
0.188293
0.205994
0.216675
0.233154
0.258179
0.284424
0.305176
0.319824
0.326538
0.342102
0.361328
0.402527
0.404053
0.385437
0.270996
0.0640869
-0.248413
-0.626221
-0.991516
-1.34003
-1.65405
-1.98517
-2.27142
-2.46155
-2.55341
-2.59888
-2.65381
-2.68982
-2.65564
-2.53448
-2.35168
-2.12708
-1.87073
-1.58966
-1.29028
-0.98999
-0.71106
-0.467529
-0.267944
-0.115051
-0.00213623
0.0744629
0.124817
0.161743
0.192566
0.220642
0.240173
0.252991
0.264282
0.279236
0.296936
0.313416
0.328064
0.344849
0.36499
0.382385
0.370178
0.381165
0.425415
0.504761
0.554199
0.547485
0.497131
0.455933
0.410156
0.345154
0.254517
0.0924683
-0.103455
-0.333862
-0.508728
-0.671082
-0.840454
-1.03729
-1.19995
-1.29639
-1.32477
-1.33148
-1.32263
-1.28357
-1.21338
-1.11298
-0.98114
-0.837708
-0.698242
-0.570068
-0.440063
-0.29541
-0.140991
0.0100708
0.142517
0.251465
0.329895
0.381775
0.411072
0.422058
0.416565
0.398254
0.377502
0.366211
0.361633
0.356445
0.343628
0.327148
0.319519
0.324707
0.339355
0.357361
0.373535
0.391846
0.395813
0.374146
0.374451
0.404358
0.471191
0.505981
0.454407
0.352478
0.184937
-0.0289917
-0.32074
-0.702209
-1.13586
-1.56525
-1.9165
-2.19025
-2.38068
-2.54517
-2.68921
-2.82532
-2.9187
-2.94861
-2.91962
-2.85278
-2.79022
-2.7298
-2.65533
-2.54517
-2.38983
-2.18994
-1.95221
-1.67999
-1.38702
-1.09253
-0.820313
-0.59021
-0.410767
-0.278625
-0.187988
-0.131836
-0.0952148
-0.0646973
-0.032959
-0.00793457
0.00915527
0.0241089
0.0445557
0.0680542
0.0894165
0.10437
0.114746
0.124817
0.145874
0.181274
0.220032
0.246277
0.25238
0.254517
0.284119
0.335083
0.375671
0.401611
0.354919
0.305481
0.24292
0.18219
0.088501
-0.0949097
-0.424805
-0.826111
-1.21582
-1.53137
-1.78619
-2.02576
-2.258
-2.45148
-2.59247
-2.65015
-2.61383
-2.50458
-2.35962
-2.20245
-2.02332
-1.8042
-1.53839
-1.25031
-0.962524
-0.705872
-0.500183
-0.343933
-0.229187
-0.134277
-0.0482178
0.0238037
0.0753784
0.109863
0.133362
0.155334
0.17395
0.188599
0.201111
0.214233
0.223694
0.228882
0.237427
0.259399
0.289001
0.320435
0.328064
0.325012
0.342712
0.386047
0.4245
0.41748
0.333557
0.157776
-0.0845337
-0.325317
-0.550232
-0.768433
-1.04156
-1.34766
-1.62476
-1.84052
-1.98364
-2.10815
-2.23572
-2.39227
-2.53693
-2.6181
-2.61444
-2.52991
-2.39014
-2.211
-2.00104
-1.76697
-1.50726
-1.21735
-0.914001
-0.628052
-0.38269
-0.182495
-0.0161743
0.117798
0.219421
0.293274
0.345764
0.38147
0.408325
0.429688
0.447693
0.46051
0.470581
0.480652
0.49469
0.510559
0.526428
0.538635
0.549927
0.560913
0.587158
0.624084
0.664368
0.689392
0.663147
0.649109
0.687561
0.764771
0.783997
0.698242
0.496521
0.293274
0.0326538
-0.229492
-0.529175
-0.852966
-1.16089
-1.41998
-1.59698
-1.68243
-1.69739
-1.67328
-1.64551
-1.66351
-1.71143
-1.73645
-1.70654
-1.61591
-1.47736
-1.29974
-1.09253
-0.863953
-0.627747
-0.39917
-0.187988
-0.00701904
0.130005
0.21698
0.264893
0.297546
0.335083
0.37323
0.405884
0.428772
0.440369
0.447388
0.45105
0.455627
0.463562
0.4776
0.508728
0.545959
0.575256
0.593262
0.615845
0.630493
0.641174
0.644836
0.679016
0.739746
0.779724
0.780029
0.732117
0.680237
0.620117
0.627441
0.646362
0.636292
0.533447
0.35553
0.193176
0.0848389
0.0393677
0.0140381
-0.000305176
-0.0360107
-0.117798
-0.253296
-0.434875
-0.614014
-0.74646
-0.803223
-0.845337
-0.937195
-1.11267
-1.31378
-1.44226
-1.49292
-1.51642
-1.53473
-1.60461
-1.71265
-1.85547
-2.0105
-2.09808
-2.1048
-2.07184
-2.03766
-2.04254
-2.05017
-2.01324
-1.91101
-1.76056
-1.57623
-1.36932
-1.15143
-0.936584
-0.742798
-0.577087
-0.439453
-0.329285
-0.245972
-0.186157
-0.151062
-0.140686
-0.146484
-0.149841
-0.137329
-0.11322
-0.0872803
-0.0674438
-0.0537109
-0.0415039
-0.0289917
-0.015564
0.000305176
0.0180054
0.0375366
0.0540161
0.0634766
0.0686646
0.0723267
0.0756836
0.0759888
0.0753784
0.078125
0.0924683
0.115662
0.139771
0.160828
0.170288
0.173645
0.183105
0.211182
0.244141
0.258179
0.168152
0.0286865
-0.213318
-0.485535
-0.842896
-1.26038
-1.67664
-2.07947
-2.39746
-2.68433
-2.93335
-3.12134
-3.27911
-3.39081
-3.49182
-3.57117
-3.59589
-3.55133
-3.44696
-3.2962
-3.13293
-2.96753
-2.79938
-2.60986
-2.37549
-2.09137
-1.7691
-1.44531
-1.1496
-0.895691
-0.683594
-0.506287
-0.362549
-0.246887
-0.155334
-0.0857544
-0.0292969
0.0177002
0.0582886
0.0933838
0.122375
0.137634
0.158691
0.171204
0.202332
0.26123
0.301819
0.26886
0.16571
-0.00213623
-0.149536
-0.328979
-0.585022
-0.901794
-1.23535
-1.51337
-1.7215
-1.83472
-1.89117
-1.91864
-1.96228
-2.01447
-2.02698
-1.98456
-1.87286
-1.70441
-1.49323
-1.26221
-1.02905
-0.799866
-0.571289
-0.358887
-0.178528
-0.0393677
0.065918
0.151062
0.224609
0.28656
0.333557
0.366516
0.385742
0.397644
0.40741
0.41748
0.428467
0.439148
0.45166
0.457153
0.474548
0.477295
0.486145
0.506287
0.571289
0.586853
0.535889
0.413208
0.273438
0.110779
-0.138245
-0.472717
-0.83313
-1.1795
-1.46515
-1.68396
-1.83929
-1.99402
-2.14203
-2.2757
-2.36115
-2.42615
-2.46857
-2.46155
-2.38251
-2.2403
-2.06512
-1.87561
-1.6748
-1.44928
-1.19293
-0.921936
-0.661926
-0.431824
-0.232544
-0.0695801
0.0643921
0.169067
0.255432
0.323792
0.371094
0.400391
0.420227
0.437012
0.455627
0.469971
0.478516
0.485229
0.490112
0.494995
0.498352
0.500488
0.506897
0.510559
0.514832
0.524902
0.541382
0.561829
0.574036
0.574646
0.574036
0.618896
0.653687
0.663452
0.584412
0.430603
0.22583
-0.0546265
-0.359497
-0.700378
-1.0321
-1.38458
-1.67755
-1.89575
-2.02789
-2.12555
-2.2168
-2.29187
-2.30988
-2.25037
-2.12311
-1.95374
-1.76483
-1.55457
-1.30554
-1.0199
-0.730591
-0.475464
-0.271606
-0.115967
0.012207
0.128174
0.225525
0.288086
0.317993
0.325623
0.327454
0.336304
0.343628
0.342712
0.342407
0.350647
0.368042
0.393677
0.396118
0.392456
0.414734
0.459595
0.51178
0.553894
0.556641
0.56488
0.52124
0.403137
0.198975
-0.0704956
-0.366516
-0.621338
-0.848389
-1.06628
-1.30859
-1.54999
-1.72516
-1.81244
-1.828
-1.79291
-1.71021
-1.58661
-1.4386
-1.26892
-1.07086
-0.835266
-0.575867
-0.317383
-0.0939941
0.0823975
0.20874
0.298462
0.363159
0.419617
0.473022
0.520935
0.561523
0.592651
0.618591
0.64209
0.666199
0.688782
0.706482
0.718079
0.726624
0.735779
0.74585
0.753784
0.760498
0.765076
0.770569
0.774841
0.782776
0.787354
0.791626
0.800476
0.819702
0.829773
0.830078
0.794983
0.736694
0.630798
0.443115
0.218506
-0.0744629
-0.371094
-0.646973
-0.896912
-1.14838
-1.43005
-1.69708
-1.89606
-1.99982
-2.01691
-1.98486
-1.94641
-1.95435
-1.98639
-1.97876
-1.90857
-1.77704
-1.60126
-1.38062
-1.12091
-0.838013
-0.556946
-0.285339
-0.0210571
0.213928
0.397034
0.517883
0.598145
0.664368
0.720825
0.764465
0.792847
0.813904
0.830688
0.844116
0.855713
0.86792
0.879517
0.877991
0.889587
0.917358
0.953369
0.986633
0.989075
1.01624
1.03088
1.03424
0.93689
0.810852
0.614929
0.401306
0.15686
-0.153198
-0.504456
-0.842285
-1.08704
-1.24359
-1.36292
-1.50543
-1.61835
-1.6864
-1.67328
-1.59424
-1.48529
-1.40411
-1.35834
-1.30676
-1.20972
-1.06659
-0.890808
-0.686951
-0.464172
-0.237122
-0.0180054
0.179749
0.353699
0.496826
0.610352
0.697632
0.760193
0.809021
0.846863
0.87616
0.896606
0.909119
0.917664
0.925598
0.933838
0.942688
0.953369
0.967102
0.980225
0.994873
1.01074
1.03424
1.06934
1.10657
1.11053
1.073
1.05316
1.10901
1.17523
1.14563
1.0025
0.772705
0.516357
0.227966
-0.100403
-0.415344
-0.698853
-0.943604
-1.12793
-1.25488
-1.32843
-1.36017
-1.33026
-1.26495
-1.16516
-1.05255
-0.952759
-0.84137
-0.703735
-0.528259
-0.325317
-0.11261
0.093689
0.280151
0.440674
0.574341
0.673523
0.739136
0.777283
0.807495
0.835266
0.861816
0.880432
0.892029
0.898743
0.899658
0.898132
0.901489
0.912781
0.92804
0.940857
0.948181
0.953979
0.965576
0.969238
0.98175
1.008
1.05255
1.09741
1.11847
1.10413
1.09375
1.12701
1.20056
1.2439
1.20331
1.07697
0.883789
0.674133
0.430908
0.123596
-0.221252
-0.593262
-0.884399
-1.06384
-1.17889
-1.25977
-1.36505
-1.47797
-1.56708
-1.62354
-1.62964
-1.62659
-1.60889
-1.55762
-1.4621
-1.32599
-1.16272
-0.979919
-0.773315
-0.553589
-0.332642
-0.110779
0.104065
0.288696
0.420837
0.493774
0.53833
0.588684
0.648804
0.701599
0.734253
0.743408
0.736389
0.726929
0.718689
0.716553
0.71991
0.722656
0.725708
0.722351
0.715027
0.706177
0.701599
0.706177
0.715027
0.722656
0.721436
0.710144
0.69519
0.67627
0.654297
0.635071
0.63446
0.65094
0.674133
0.690308
0.698547
0.704651
0.738525
0.812378
0.885315
0.911865
0.880737
0.778198
0.63446
0.464172
0.314026
0.127563
-0.144653
-0.480042
-0.800476
-1.05896
-1.26617
-1.49475
-1.71387
-1.93054
-2.09869
-2.1933
-2.25433
-2.32025
-2.39319
-2.40448
-2.35626
-2.26929
-2.18781
-2.10114
-1.97601
-1.79962
-1.58661
-1.34979
-1.08673
-0.799561
-0.501099
-0.229797
-0.0238037
0.119629
0.223083
0.32196
0.421143
0.507202
0.574341
0.625
0.664368
0.689697
0.704956
0.709839
0.715027
0.718689
0.718689
0.713501
0.710144
0.708923
0.714111
0.726318
0.740356
0.752258
0.758057
0.758362
0.758057
0.7547
0.749512
0.744324
0.742798
0.747986
0.767517
0.792542
0.817566
0.835876
0.846252
0.852051
0.848389
0.845032
0.868835
0.944214
0.994263
0.995178
0.90332
0.818787
0.729065
0.612183
0.448303
0.195618
-0.0802612
-0.379333
-0.663147
-0.937195
-1.20636
-1.45142
-1.6803
-1.84753
-1.97784
-2.0575
-2.1347
-2.21527
-2.28058
-2.31384
-2.30194
-2.23694
-2.12585
-1.98792
-1.85089
-1.69373
-1.48956
-1.23291
-0.94635
-0.652466
-0.369263
-0.116577
0.0802612
0.229492
0.348206
0.449829
0.537109
0.595093
0.63385
0.656738
0.665283
0.664063
0.657654
0.648804
0.641174
0.635376
0.633545
0.638123
0.646973
0.657043
0.666199
0.671997
0.67749
0.682983
0.686951
0.690308
0.695801
0.702515
0.714722
0.726624
0.73822
0.745239
0.75531
0.775146
0.796509
0.845947
0.908508
0.966492
0.98938
0.996704
0.969849
0.972595
0.894775
0.713196
0.42572
0.114441
-0.160828
-0.422058
-0.689697
-0.960999
-1.21765
-1.40747
-1.56158
-1.68579
-1.84387
-2.01691
-2.1344
-2.15973
-2.12189
-2.05902
-1.98303
-1.86615
-1.68976
-1.46515
-1.21552
-0.949707
-0.660706
-0.362854
-0.0848389
0.152283
0.350037
0.518799
0.664673
0.78064
0.873413
0.948486
1.01074
1.0553
1.08612
1.10382
1.11389
1.12274
1.1322
1.14319
1.15356
1.16608
1.17706
1.18347
1.18317
1.185
1.18652
1.18713
1.21185
1.27075
1.35223
1.37054
1.33942
1.31165
1.28906
1.23016
1.02417
0.739136
0.430908
0.132141
-0.154114
-0.451355
-0.71228
-0.939026
-1.12427
-1.2677
-1.36444
-1.41144
-1.39832
-1.33057
-1.22101
-1.08459
-0.926208
-0.740662
-0.52887
-0.312805
-0.0930786
0.135193
0.359802
0.560608
0.719299
0.84198
0.94574
1.03088
1.08337
1.10474
1.11267
1.1261
1.15173
1.17554
1.18591
1.18713
1.18439
1.18378
1.18195
1.18042
1.18256
1.19598
1.21277
1.22589
1.23047
1.22925
1.23016
1.23383
1.23749
1.23993
1.23444
1.25092
1.27747
1.3208
1.35345
1.35315
1.36444
1.3916
1.4328
1.41937
1.30066
1.1377
0.960999
0.749512
0.527344
0.307007
0.148315
0.00457764
-0.17334
-0.364685
-0.501099
-0.549927
-0.539551
-0.484619
-0.393372
-0.261841
-0.106201
0.0585938
0.227356
0.397034
0.564575
0.722351
0.861816
0.978088
1.07086
1.14319
1.19934
1.24481
1.27594
1.29211
1.29608
1.29761
1.30157
1.31042
1.32019
1.32629
1.32904
1.32751
1.33118
1.3324
1.32904
1.33759
1.35254
1.3681
1.36688
1.39557
1.42548
1.44806
1.38184
1.23352
1.04675
0.846252
0.65155
0.455322
0.207214
-0.0650024
-0.353394
-0.627747
-0.848694
-0.992737
-1.08124
-1.13281
-1.19568
-1.26129
-1.32324
-1.35864
-1.35712
-1.30463
-1.20331
-1.05835
-0.878296
-0.662231
-0.427856
-0.196228
0.022583
0.23468
0.445862
0.643311
0.803833
0.92041
1.00037
1.05988
1.10657
1.14288
1.16913
1.18774
1.20117
1.20667
1.20667
1.20453
1.20483
1.20941
1.21216
1.21246
1.2149
1.21857
1.22406
1.22925
1.23444
1.23932
1.24207
1.24237
1.24695
1.2558
1.26556
1.27014
1.26923
1.26648
1.2616
1.25732
1.26587
1.26007
1.29608
1.34277
1.38672
1.38824
1.37665
1.3623
1.33362
1.23627
1.00891
0.758667
0.484009
0.176086
-0.154114
-0.438843
-0.667725
-0.818787
-0.988159
-1.15143
-1.28204
-1.39526
-1.4978
-1.59576
-1.63971
-1.62903
-1.57776
-1.55945
-1.58661
-1.63727
-1.65497
-1.63239
-1.57013
-1.46545
-1.31866
-1.14319
-0.939331
-0.697632
-0.437012
-0.184937
0.0357056
0.227051
0.395203
0.531006
0.626221
0.686951
0.723572
0.753784
0.784912
0.809021
0.827942
0.840759
0.849609
0.851746
0.847168
0.841064
0.841064
0.842285
0.843506
0.842285
0.841675
0.844727
0.847778
0.849915
0.852051
0.852966
0.85083
0.848083
0.848694
0.85083
0.851135
0.849609
0.853577
0.863647
0.87738
0.889893
0.900879
0.908203
0.910645
0.924072
0.927124
0.935059
0.9375
0.959473
1.00586
1.04828
1.03485
0.930176
0.769348
0.575867
0.40863
0.223694
-0.0375366
-0.325317
-0.59845
-0.83313
-1.03424
-1.26587
-1.44958
-1.61133
-1.74377
-1.86554
-1.96198
-2.02057
-2.03186
-2.00165
-1.93939
-1.84784
-1.73309
-1.58783
-1.41785
-1.22772
-1.01471
-0.773926
-0.508423
-0.246582
-0.020752
0.150757
0.281067
0.39856
0.513916
0.60791
0.656738
0.671082
0.672607
0.679932
0.691833
0.701904
0.707397
0.704041
0.693665
0.682068
0.677185
0.680237
0.68573
0.687256
0.683594
0.67749
0.67627
0.67688
0.678101
0.67688
0.671082
0.664978
0.660095
0.656433
0.652771
0.646973
0.641785
0.639954
0.639038
0.640869
0.644836
0.652466
0.660095
0.666504
0.672913
0.680542
0.686646
0.692139
0.696411
0.70282
0.709229
0.713501
0.714417
0.711975
0.706482
0.704651
0.705872
0.714417
0.722046
0.730286
0.735474
0.744019
0.733337
0.758667
0.799561
0.862732
0.893555
0.853271
0.764771
0.661926
0.548096
0.397034
0.218811
-0.000915527
-0.21637
-0.429993
-0.596008
-0.752563
-0.92041
-1.15051
-1.39771
-1.60828
-1.77582
-1.92688
-2.02911
-2.06726
-2.05658
-2.05017
-2.05566
-2.02301
-1.94153
-1.8222
-1.67419
-1.48743
-1.2616
-1.00586
-0.735779
-0.468445
-0.234375
-0.050354
0.10376
0.249634
0.388184
0.490417
0.551147
0.582581
0.609436
0.635681
0.651855
0.653687
0.644226
0.63324
0.626221
0.617981
0.602417
0.575562
0.547485
0.523376
0.513611
0.509338
0.504456
0.498352
0.495605
0.492554
0.485535
0.474243
0.462036
0.455627
0.452271
0.450439
0.445862
0.440979
0.436096
0.433655
0.432129
0.431519
0.43335
0.438843
0.444031
0.450439
0.457153
0.463562
0.470276
0.475159
0.480347
0.487366
0.495605
0.503845
0.506592
0.504761
0.503235
0.505066
0.512695
0.521545
0.529785
0.540771
0.547791
0.550232
0.547485
0.546875
0.552673
0.559998
0.565796
0.572815
0.582886
0.597229
0.6073
0.611267
0.606995
0.618896
0.644531
0.672302
0.711975
0.732422
0.725098
0.653687
0.558777
0.430603
0.282898
0.0720215
-0.189819
-0.444641
-0.708313
-0.98175
-1.25244
-1.50024
-1.68976
-1.85486
-2.00562
-2.14111
-2.26501
-2.37976
-2.48016
-2.547
-2.57904
-2.56866
-2.51556
-2.42706
-2.31384
-2.1759
-2.00623
-1.80939
-1.58051
-1.32111
-1.03333
-0.739746
-0.466919
-0.230408
-0.0323486
0.1297
0.263367
0.370483
0.455933
0.523682
0.57373
0.608826
0.632324
0.650635
0.669861
0.68512
0.695496
0.701904
0.701904
0.700684
0.694885
0.692139
0.69397
0.704346
0.713806
0.718994
0.717163
0.714417
0.717773
0.726929
0.734558
0.736389
0.732422
0.730591
0.736389
0.749817
0.76355
0.792236
0.829163
0.872192
0.906067
0.922852
0.938416
0.94696
0.960083
0.948486
0.899353
0.770264
0.574341
0.336304
0.0747681
-0.175476
-0.474854
-0.794067
-1.07269
-1.27563
-1.42914
-1.60248
-1.79474
-1.95282
-2.05139
-2.11853
-2.1936
-2.27936
-2.33246
-2.34833
-2.32605
-2.28973
-2.23328
-2.13104
-1.98639
-1.80664
-1.58569
-1.33423
-1.05865
-0.774231
-0.495911
-0.230103
-0.0088501
0.164795
0.296021
0.401917
0.485535
0.544434
0.583496
0.605164
0.616455
0.621033
0.62561
0.628662
0.624084
0.617065
0.6073
0.598145
0.59021
0.579834
0.572815
0.567017
0.563354
0.563049
0.561829
0.560913
0.557861
0.55603
0.553894
0.552979
0.555115
0.560303
0.568848
0.574951
0.579834
0.582886
0.589905
0.602417
0.622559
0.640259
0.661621
0.693665
0.769653
0.836792
0.882874
0.909119
0.895386
0.892029
0.783081
0.614929
0.402832
0.164185
-0.104065
-0.39978
-0.693054
-0.917969
-1.12244
-1.32507
-1.53381
-1.71448
-1.83929
-1.91956
-1.95984
-1.98303
-2.00684
-2.04407
-2.07947
-2.06421
-1.98517
-1.85516
-1.69647
-1.51123
-1.30005
-1.06934
-0.827332
-0.585022
-0.351257
-0.143127
0.0338745
0.18158
0.300293
0.396423
0.469055
0.525208
0.566101
0.585327
0.5896
0.585632
0.578918
0.573425
0.557861
0.53772
0.520325
0.505371
0.48584
0.452881
0.414734
0.380554
0.354919
0.33783
0.326843
0.323792
0.312195
0.271912
0.206909
0.141296
0.0991821
0.0848389
0.0726318
0.0421143
-0.00152588
-0.0527954
-0.0952148
-0.125122
-0.146484
-0.158386
-0.168762
-0.177307
-0.1828
-0.183105
-0.179749
-0.175781
-0.177612
-0.176697
-0.174255
-0.155334
-0.117493
-0.0738525
-0.0354004
-0.0271606
-0.0485229
-0.06073
-0.0769043
-0.062561
-0.0152588
0.0415039
0.065918
0.0665283
0.0686646
0.0811768
0.0585938
0.027771
-0.00579834
0.0146484
0.0204468
0.00213623
-0.0552368
-0.0912476
-0.151978
-0.201416
-0.296326
-0.4599
-0.674744
-0.874939
-1.05499
-1.22528
-1.39282
-1.57196
-1.745
-1.9104
-2.06573
-2.14233
-2.20062
-2.27142
-2.37976
-2.47955
-2.54181
-2.5708
-2.55676
-2.51343
-2.44568
-2.35168
-2.23511
-2.06238
-1.84814
-1.60919
-1.34857
-1.06628
-0.769348
-0.491943
-0.276489
-0.118408
0.0180054
0.148315
0.25177
0.311279
0.320435
0.315552
0.308533
0.300293
0.287781
0.271301
0.256348
0.245056
0.223083
0.183716
0.134583
0.0930786
0.0708008
0.0592041
0.0488281
0.0378418
0.0259399
0.0137329
-0.000305176
-0.0125122
-0.0177002
-0.0167847
-0.0088501
0.00366211
0.0167847
0.0289917
0.0360107
0.039978
0.045166
0.0531006
0.0726318
0.0970459
0.126648
0.159302
0.203552
0.228271
0.27832
0.313721
0.393677
0.438232
0.421143
0.349121
0.207825
0.117493
0.00976563
-0.132751
-0.363159
-0.644836
-0.934143
-1.17584
-1.37482
-1.55457
-1.70258
-1.8634
-2.00012
-2.12006
-2.22382
-2.28973
-2.30469
-2.28577
-2.276
-2.30377
-2.32025
-2.27264
-2.14813
-1.97693
-1.78589
-1.58142
-1.35162
-1.09222
-0.816956
-0.549316
-0.320129
-0.137024
-0.00732422
0.0878906
0.169983
0.241699
0.299683
0.336914
0.35675
0.362854
0.357666
0.340271
0.315552
0.292358
0.279541
0.267334
0.254211
0.233459
0.214539
0.202637
0.195618
0.192261
0.19104
0.191956
0.193787
0.195618
0.194397
0.19043
0.187683
0.188293
0.196228
0.209045
0.221558
0.23407
0.246277
0.257874
0.275574
0.282593
0.3125
0.36438
0.415955
0.463867
0.516663
0.585327
0.612488
0.596008
0.505371
0.377197
0.185852
-0.0585938
-0.328674
-0.596619
-0.862732
-1.0907
-1.29761
-1.46301
-1.62354
-1.72302
-1.76483
-1.75751
-1.75385
-1.7511
-1.70654
-1.62201
-1.51733
-1.4093
-1.27777
-1.10535
-0.910645
-0.707092
-0.498962
-0.29541
-0.107117
0.0531006
0.189209
0.304871
0.395508
0.466003
0.521545
0.562134
0.58197
0.579834
0.569763
0.553284
0.532532
0.502014
0.469971
0.448608
0.439148
0.436096
0.430908
0.419922
0.401917
0.383301
0.370789
0.367432
0.370483
0.373535
0.37384
0.372925
0.374756
0.381165
0.384827
0.383606
0.380859
0.379944
0.382385
0.388794
0.392151
0.394897
0.396729
0.400085
0.411682
0.426636
0.441284
0.456543
0.469055
0.479431
0.487061
0.497437
0.517578
0.55603
0.600586
0.6604
0.729675
0.772705
0.744019
0.656738
0.515137
0.366821
0.183716
-0.0466919
-0.343018
-0.673218
-0.965576
-1.21399
-1.4209
-1.62476
-1.80908
-1.96045
-2.10052
-2.22534
-2.31964
-2.35413
-2.34467
-2.34955
-2.38495
-2.4176
-2.40051
-2.33276
-2.2464
-2.14874
-2.00836
-1.7984
-1.53046
-1.24725
-0.968323
-0.731201
-0.524597
-0.348206
-0.192871
-0.0479126
0.0765991
0.183716
0.272827
0.330505
0.36499
0.377502
0.363464
0.326233
0.2771
0.235596
0.208435
0.193481
0.170898
0.141907
0.103149
0.0588989
0.032959
0.0210571
0.00305176
-0.0268555
-0.0735474
-0.111389
-0.130615
-0.13916
-0.152893
-0.177917
-0.202332
-0.219116
-0.22522
-0.227661
-0.231323
-0.231323
-0.230713
-0.227966
-0.227051
-0.229492
-0.23468
-0.239868
-0.241699
-0.238647
-0.233459
-0.223999
-0.214844
-0.210266
-0.209351
-0.203552
-0.196228
-0.189514
-0.178223
-0.160522
-0.128479
-0.0866699
-0.0405884
0.0250244
0.090332
0.202332
0.281067
0.331116
0.312195
0.218506
0.169067
0.131226
0.0540161
-0.0949097
-0.301819
-0.541382
-0.771179
-1.01532
-1.23962
-1.41418
-1.5683
-1.72577
-1.88202
-1.97418
-2.01447
-2.02545
-2.0639
-2.14325
-2.19208
-2.18414
-2.14752
-2.10358
-2.05963
-1.97815
-1.82343
-1.60583
-1.37909
-1.17859
-0.989685
-0.784607
-0.548096
-0.314636
-0.129395
-0.00335693
0.0830078
0.155334
0.233459
0.292664
0.315247
0.295715
0.257263
0.222168
0.189514
0.154724
0.12207
0.101624
0.0854492
0.0793457
0.0778198
0.0881958
0.140991
0.203552
0.249634
0.320129
0.36377
0.393066
0.363159
0.25116
0.161743
0.0915527
0.055542
-0.0457764
-0.215759
-0.467834
-0.711365
-0.894775
-1.03027
-1.1499
-1.30005
-1.47339
-1.61682
-1.73187
-1.80359
-1.83258
-1.84418
-1.86188
-1.89972
-1.93542
-1.94122
-1.91284
-1.85455
-1.76178
-1.64581
-1.50909
-1.35651
-1.1673
-0.943909
-0.716553
-0.513611
-0.333557
-0.169983
-0.0170898
0.112915
0.219116
0.299377
0.354309
0.383606
0.401306
0.410767
0.411377
0.396423
0.370483
0.338745
0.307922
0.279236
0.250854
0.22644
0.207825
0.193787
0.180664
0.163879
0.145569
0.13092
0.122375
0.119324
0.117798
0.117798
0.115356
0.113525
0.105286
0.101013
0.124817
0.1651
0.213318
0.230713
0.245972
0.298767
0.38269
0.455627
0.470886
0.415955
0.328369
0.25177
0.14679
0.0137329
-0.174866
-0.393066
-0.595703
-0.8078
-0.994263
-1.15753
-1.31622
-1.46332
-1.6098
-1.72974
-1.84845
-1.92047
-1.92566
-1.87378
-1.82953
-1.82953
-1.82861
-1.78436
-1.70135
-1.60187
-1.48224
-1.32721
-1.1438
-0.943909
-0.738831
-0.524292
-0.307617
-0.108643
0.0552368
0.187683
0.305481
0.412292
0.498657
0.558167
0.586853
0.594788
0.584717
0.567627
0.55603
0.552063
0.550232
0.550842
0.54718
0.549927
0.554504
0.560913
0.566101
0.571594
0.58075
0.594482
0.609436
0.620117
0.627747
0.636597
0.647888
0.658875
0.666809
0.672607
0.682678
0.696411
0.709534
0.715027
0.726318
0.750732
0.767517
0.791321
0.793762
0.804749
0.828552
0.861511
0.910645
0.902405
0.814514
0.697327
0.514832
0.357361
0.164795
-0.0595093
-0.299377
-0.551453
-0.766602
-0.926208
-1.06567
-1.22925
-1.39008
-1.52802
-1.60583
-1.61804
-1.63361
-1.69586
-1.79962
-1.90247
-1.94031
-1.92413
-1.88232
-1.82892
-1.74957
-1.64581
-1.51031
-1.35223
-1.16943
-0.967712
-0.749512
-0.523682
-0.309753
-0.123291
0.0354004
0.179138
0.313416
0.423889
0.502625
0.554504
0.593567
0.625305
0.645142
0.652161
0.65094
0.647583
0.641174
0.631714
0.619202
0.606995
0.599365
0.597534
0.597534
0.602112
0.611572
0.621033
0.622864
0.61676
0.6073
0.604858
0.609436
0.614624
0.618286
0.621033
0.628052
0.640259
0.650024
0.658264
0.674438
0.69397
0.712891
0.732727
0.785217
0.863342
0.923462
0.964966
1.01349
1.06476
1.08185
1.03241
0.943298
0.817261
0.651855
0.453491
0.28656
0.141296
-0.0167847
-0.167542
-0.295715
-0.379028
-0.462341
-0.569458
-0.683289
-0.768433
-0.804138
-0.813599
-0.838013
-0.909119
-1.01074
-1.06384
-1.11633
-1.17371
-1.28113
-1.4032
-1.52069
-1.62659
-1.74072
-1.81793
-1.84784
-1.84753
-1.83258
-1.82678
-1.79932
-1.73584
-1.64124
-1.52618
-1.38
-1.20148
-0.999756
-0.795593
-0.604858
-0.419312
-0.234985
-0.0817871
0.0354004
0.107422
0.144653
0.169067
0.181274
0.188904
0.192566
0.18219
0.154419
0.122986
0.0900269
0.0506592
0.00183105
-0.0506592
-0.0961304
-0.125122
-0.141602
-0.149536
-0.149231
-0.148315
-0.1474
-0.145874
-0.141602
-0.133362
-0.124817
-0.117493
-0.110474
-0.103149
-0.0942993
-0.085144
-0.0747681
-0.0601196
-0.039978
-0.0177002
0.00610352
0.0198364
0.0479126
0.0686646
0.114441
0.198975
0.298462
0.392456
0.455627
0.506287
0.56427
0.567322
0.465393
0.263672
0.00183105
-0.308838
-0.604248
-0.872498
-1.08948
-1.28387
-1.46576
-1.62048
-1.7334
-1.82159
-1.90735
-1.99097
-2.03278
-1.99249
-1.90674
-1.8158
-1.75385
-1.68732
-1.57959
-1.43738
-1.27563
-1.09711
-0.892944
-0.675964
-0.471802
-0.297852
-0.145569
0.00213623
0.140076
0.252686
0.339355
0.408325
0.458679
0.488281
0.498657
0.498657
0.495605
0.487671
0.472107
0.45166
0.4245
0.395508
0.369873
0.348206
0.332642
0.320129
0.310669
0.304871
0.300903
0.299988
0.30365
0.312195
0.322876
0.334473
0.346375
0.357056
0.368042
0.376587
0.405884
0.445862
0.489807
0.517883
0.532837
0.563049
0.616455
0.661316
0.748596
0.829773
0.917053
0.925598
0.883484
0.804443
0.719299
0.628662
0.450745
0.195923
-0.0976563
-0.389099
-0.628662
-0.852356
-1.00067
-1.1203
-1.23322
-1.38794
-1.54144
-1.65619
-1.77094
-1.88354
-1.96625
-2.034
-2.08099
-2.14233
-2.19421
-2.25769
-2.31384
-2.33826
-2.32666
-2.30652
-2.29797
-2.28363
-2.2287
-2.14294
-2.01935
-1.84387
-1.63696
-1.41541
-1.18744
-0.953064
-0.715332
-0.498657
-0.319824
-0.175171
-0.0546265
0.0549316
0.152588
0.231628
0.281677
0.306396
0.312805
0.309143
0.306396
0.310669
0.324707
0.343933
0.357666
0.36377
0.370789
0.395203
0.434265
0.46936
0.487976
0.484924
0.476379
0.474243
0.479736
0.488586
0.497131
0.502625
0.52002
0.543213
0.577393
0.614014
0.648804
0.67749
0.684509
0.678406
0.706482
0.793152
0.924377
0.994568
0.960083
0.828857
0.671387
0.560608
0.415344
0.234375
-0.0363159
-0.345154
-0.625
-0.865784
-1.04919
-1.17981
-1.29456
-1.37665
-1.47095
-1.54846
-1.63879
-1.70593
-1.74805
-1.76056
-1.77185
-1.82587
-1.92078
-2.01111
-2.06512
-2.05261
-2.0047
-1.94244
-1.91833
-1.95313
-1.99005
-1.97266
-1.89819
-1.7981
-1.69098
-1.55975
-1.3913
-1.20667
-1.01715
-0.829773
-0.645752
-0.472412
-0.319519
-0.1828
-0.0531006
0.0637817
0.165405
0.245972
0.307007
0.349731
0.377197
0.392456
0.401001
0.402527
0.402222
0.39856
0.396423
0.391235
0.38208
0.371704
0.366211
0.367126
0.370789
0.374146
0.376892
0.381165
0.387268
0.392761
0.39978
0.410156
0.426941
0.45166
0.480347
0.507507
0.526123
0.537109
0.546265
0.557861
0.572205
0.584412
0.592957
0.596313
0.601501
0.595398
0.638733
0.687866
0.768127
0.791626
0.834961
0.849609
0.868225
0.810547
0.714722
0.563354
0.368958
0.107117
-0.187378
-0.456848
-0.701904
-0.92865
-1.10596
-1.27472
-1.37207
-1.48102
-1.60187
-1.7099
-1.81183
-1.8689
-1.88843
-1.89972
-1.92474
-1.9577
-1.97449
-1.95404
-1.89575
-1.8103
-1.68762
-1.53748
-1.3739
-1.20148
-1.00616
-0.767212
-0.506592
-0.27832
-0.110168
0.015564
0.141602
0.267029
0.375061
0.445251
0.488586
0.517273
0.538635
0.549622
0.544739
0.527954
0.503845
0.476074
0.446167
0.413208
0.382385
0.354004
0.331726
0.315247
0.301514
0.290833
0.281677
0.2771
0.279541
0.282898
0.292664
0.311279
0.332336
0.357361
0.376892
0.39093
0.435181
0.497131
0.591431
0.69458
0.800781
0.885315
0.928345
0.941162
0.918274
0.971375
1.03851
1.10474
1.09772
1.01959
0.884399
0.713806
0.535278
0.375061
0.229797
0.0689697
-0.115967
-0.301819
-0.477905
-0.637512
-0.813599
-0.995483
-1.16821
-1.28479
-1.31775
-1.31897
-1.33484
-1.37878
-1.43585
-1.4743
-1.48468
-1.46881
-1.42273
-1.35101
-1.24878
-1.12885
-0.993958
-0.843506
-0.677795
-0.492249
-0.301514
-0.119934
0.0411987
0.181274
0.305481
0.412903
0.502625
0.576172
0.636292
0.685425
0.718994
0.738525
0.745544
0.744629
0.738525
0.730896
0.720825
0.71106
0.707397
0.707397
0.709229
0.707092
0.704346
0.706482
0.710754
0.714722
0.712585
0.71167
0.715332
0.721741
0.732422
0.740662
0.751038
0.762939
0.773315
0.783386
0.791016
0.796814
0.802612
0.808411
0.813599
0.81665
0.817261
0.81604
0.816345
0.820007
0.826416
0.83374
0.840149
0.843811
0.846863
0.852356
0.858154
0.861511
0.860596
0.866699
0.885925
0.917358
0.944214
0.958557
0.9729
1.00708
1.07391
1.11755
1.138
1.12
1.09711
1.01593
0.874329
0.601196
0.284424
0.0244141
-0.202026
-0.388184
-0.592957
-0.779724
-0.925293
-1.03394
-1.14716
-1.25305
-1.32782
-1.38428
-1.42517
-1.46423
-1.53412
-1.58661
-1.61316
-1.58905
-1.53473
-1.47797
-1.43341
-1.3916
-1.3324
-1.23566
-1.10809
-0.961304
-0.800476
-0.625305
-0.440674
-0.255127
-0.0769043
0.0878906
0.243225
0.387268
0.511169
0.610046
0.68573
0.745544
0.787964
0.814514
0.8255
0.828552
0.829163
0.82428
0.814514
0.803528
0.795898
0.791321
0.787354
0.779419
0.773315
0.763855
0.770874
0.795898
0.843811
0.85083
0.862732
0.842896
0.827942
0.820923
0.777588
0.672302
0.532532
0.395203
0.306396
0.192871
0.0588989
-0.106506
-0.254211
-0.460205
-0.663147
-0.834351
-0.929565
-1.01807
-1.10931
-1.17249
-1.23291
-1.32355
-1.41968
-1.48224
-1.4856
-1.50146
-1.53961
-1.5686
-1.56799
-1.53442
-1.47034
-1.38428
-1.28174
-1.1499
-0.986023
-0.79071
-0.58197
-0.379639
-0.189514
-0.0192261
0.133057
0.259705
0.361328
0.436096
0.475464
0.487671
0.476379
0.462646
0.448608
0.419922
0.365295
0.293579
0.219421
0.153809
0.0930786
0.0366211
-0.0125122
-0.0564575
-0.0982666
-0.137939
-0.172729
-0.197144
-0.210876
-0.221252
-0.236816
-0.259094
-0.280762
-0.288696
-0.287781
-0.290527
-0.308838
-0.341492
-0.375671
-0.404053
-0.420227
-0.426025
-0.424194
-0.41687
-0.40863
-0.400696
-0.394897
-0.386658
-0.374451
-0.355225
-0.335083
-0.317078
-0.305786
-0.298767
-0.28717
-0.267639
-0.242615
-0.217285
-0.195618
-0.176697
-0.155334
-0.132446
-0.112915
-0.0842285
-0.0387573
0.0146484
0.0546265
0.0772095
0.136719
0.273132
0.489807
0.65155
0.671387
0.580139
0.475769
0.439148
0.458069
0.372009
0.174866
-0.0897217
-0.321655
-0.487976
-0.669556
-0.922852
-1.16241
-1.34064
-1.43524
-1.47644
-1.54175
-1.63391
-1.76575
-1.87958
-1.92657
-1.92505
-1.91071
-1.90033
-1.8692
-1.80298
-1.70837
-1.59332
-1.4563
-1.27045
-1.03821
-0.786438
-0.541382
-0.317383
-0.12085
0.0469971
0.185242
0.302124
0.404663
0.491333
0.559082
0.60791
0.637512
0.65155
0.653687
0.649719
0.643005
0.635681
0.628967
0.624084
0.619202
0.614929
0.610352
0.6073
0.605469
0.603943
0.602417
0.601501
0.603638
0.608826
0.616455
0.623474
0.631104
0.636292
0.651245
0.677185
0.716858
0.761414
0.801086
0.830994
0.855713
0.882874
0.88501
0.896301
0.94696
1.0376
1.13495
1.18011
1.17462
1.12518
1.06659
0.963135
0.769958
0.476074
0.159607
-0.107422
-0.284729
-0.438232
-0.604248
-0.762634
-0.916748
-1.06201
-1.19659
-1.30035
-1.33789
-1.31775
-1.29425
-1.31958
-1.35895
-1.3623
-1.31256
-1.23932
-1.1557
-1.03912
-0.891113
-0.731506
-0.570984
-0.397339
-0.194702
0.022583
0.221863
0.38208
0.501404
0.601501
0.69519
0.782776
0.844421
0.874634
0.87677
0.859375
0.834351
0.805664
0.774231
0.741272
0.704346
0.671387
0.645142
0.626831
0.612183
0.598145
0.585327
0.575867
0.570374
0.570374
0.578918
0.600891
0.632324
0.661926
0.681152
0.690613
0.696411
0.701599
0.709534
0.717773
0.727234
0.736084
0.744324
0.753784
0.764771
0.782166
0.811768
0.848389
0.884399
0.915222
0.947266
0.972595
1.00525
1.0376
1.07788
1.11389
1.12152
1.10748
1.13403
1.23657
1.36597
1.42029
1.34094
1.22192
1.13373
1.12701
1.0907
0.926819
0.658569
0.341797
0.0692749
-0.162659
-0.369873
-0.54657
-0.699158
-0.840149
-0.993958
-1.12
-1.1853
-1.19659
-1.17401
-1.13556
-1.07483
-0.980225
-0.855103
-0.713806
-0.561523
-0.396423
-0.213623
-0.0158691
0.176086
0.354614
0.514221
0.651245
0.769348
0.863647
0.931702
0.970459
0.982361
0.980835
0.978699
0.97229
0.958862
0.940247
0.914307
0.884094
0.849609
0.812378
0.780029
0.752563
0.736084
0.734253
0.745239
0.750427
0.768738
0.788879
0.835266
0.875549
0.899048
0.967407
1.03973
1.09283
1.06171
0.951538
0.855713
0.785217
0.730591
0.618286
0.394287
0.156555
-0.0515747
-0.195923
-0.351257
-0.56488
-0.762024
-0.864868
-0.899048
-0.960388
-1.07605
-1.21765
-1.32538
-1.38275
-1.42761
-1.46179
-1.47247
-1.46423
-1.43097
-1.37695
-1.30493
-1.19537
-1.04736
-0.866699
-0.664063
-0.453186
-0.227661
-0.00335693
0.196838
0.365906
0.492554
0.580444
0.63385
0.663452
0.67627
0.66803
0.638733
0.582886
0.51239
0.432739
0.354919
0.282898
0.228271
0.202942
0.192261
0.172424
0.122681
0.0564575
0
-0.0375366
-0.0683594
-0.100098
-0.132751
-0.157471
-0.177917
-0.198975
-0.230408
-0.269775
-0.307922
-0.337219
-0.354614
-0.359802
-0.360107
-0.367432
-0.38208
-0.406494
-0.426941
-0.433044
-0.426025
-0.403137
-0.375366
-0.336304
-0.284424
-0.22644
-0.166321
-0.0775146
0.0958252
0.274963
0.466919
0.602722
0.660706
0.664368
0.633545
0.604248
0.563354
0.496216
0.385742
0.260315
0.0567627
-0.175476
-0.407715
-0.603333
-0.734558
-0.863953
-0.987244
-1.13922
-1.30127
-1.41846
-1.52618
-1.54694
-1.53748
-1.49292
-1.50604
-1.58356
-1.67145
-1.71661
-1.68365
-1.59637
-1.49567
-1.37512
-1.23901
-1.05408
-0.835571
-0.619507
-0.422058
-0.25238
-0.102844
0.0427246
0.168152
0.235291
0.231018
0.173645
0.0991821
-0.00244141
-0.143433
-0.297241
-0.440674
-0.569763
-0.71167
-0.872192
-1.04187
-1.22498
-1.409
-1.56067
-1.65253
-1.69952
-1.75751
-1.87012
-2.02728
-2.19269
-2.32849
-2.44415
-2.56439
-2.68799
-2.79663
-2.86621
-2.91565
-2.97058
-3.05359
-3.15674
-3.23883
-3.28918
-3.31451
-3.34137
-3.37524
-3.40393
-3.42377
-3.4256
-3.40424
-3.35785
-3.25989
-3.1366
-3.01819
-2.88391
-2.69257
-2.44354
-2.20154
-2.04865
-1.95526
-1.86676
-1.75995
-1.64307
-1.51306
-1.34796
-1.185
-1.05286
-0.968323
-0.896912
-0.857239
-0.88562
-0.982971
-1.13068
-1.27106
-1.37939
-1.47522
-1.5033
-1.49719
-1.47339
-1.48804
-1.52985
-1.55884
-1.55396
-1.50055
-1.43097
-1.33698
-1.21765
-1.06232
-0.887756
-0.71228
-0.564575
-0.440979
-0.348816
-0.289307
-0.261536
-0.252991
-0.244446
-0.255432
-0.285034
-0.344238
-0.415039
-0.489197
-0.566101
-0.643616
-0.713806
-0.762939
-0.784607
-0.802917
-0.856018
-0.96344
-1.09497
-1.20331
-1.27136
-1.31683
-1.34949
-1.36841
-1.37177
-1.36627
-1.36719
-1.37268
-1.37817
-1.34552
-1.27197
-1.16089
-1.04279
-0.962524
-0.883179
-0.809631
-0.733337
-0.635376
-0.516052
-0.411682
-0.365906
-0.398254
-0.436401
-0.487061
-0.506592
-0.578308
-0.651245
-0.776062
-0.96344
-1.20087
-1.39282
-1.49811
-1.52069
-1.59088
-1.71539
-1.84631
-1.94
-1.99493
-2.0163
-2.01813
-1.99615
-1.95587
-1.86737
-1.74835
-1.60492
-1.44409
-1.2265
-0.944519
-0.637817
-0.389404
-0.213318
-0.0939941
0.0164795
0.11261
0.16449
0.153809
0.112
0.0601196
-0.00244141
-0.0836182
-0.185547
-0.297852
-0.429382
-0.585632
-0.740356
-0.863037
-0.942383
-1.00769
-1.08704
-1.17157
-1.24329
-1.29669
-1.33789
-1.37268
-1.40289
-1.42487
-1.44043
-1.44409
-1.44287
-1.43799
-1.42822
-1.41174
-1.38428
-1.34827
-1.30615
-1.25427
-1.19354
-1.1319
-1.06567
-1.00311
-0.904846
-0.775452
-0.630798
-0.516968
-0.460205
-0.447693
-0.385132
-0.217896
0.00366211
0.177917
0.232544
0.154114
0.0448608
-0.0814819
-0.192566
-0.309448
-0.487976
-0.683289
-0.855713
-0.975342
-1.07727
-1.19659
-1.32629
-1.41693
-1.48254
-1.54053
-1.60583
-1.68732
-1.75812
-1.80573
-1.83472
-1.828
-1.79718
-1.75354
-1.69159
-1.61621
-1.5033
-1.33972
-1.14685
-0.926514
-0.693054
-0.463257
-0.246887
-0.0747681
0.0448608
0.119019
0.166626
0.181885
0.174255
0.137024
0.0802612
0.00518799
-0.0924683
-0.222473
-0.367126
-0.527649
-0.680237
-0.800781
-0.856018
-0.863037
-0.866089
-0.914612
-1.00372
-1.10687
-1.20575
-1.31683
-1.44012
-1.56372
-1.67572
-1.76147
-1.84937
-1.94092
-2.03796
-2.13562
-2.21802
-2.28699
-2.33887
-2.37732
-2.40753
-2.435
-2.45636
-2.47314
-2.48688
-2.4942
-2.49054
-2.46796
-2.43958
-2.39868
-2.36938
-2.31354
-2.19208
-1.98822
-1.76575
-1.55365
-1.36292
-1.16516
-0.950623
-0.805969
-0.689697
-0.575867
-0.471191
-0.371704
-0.343628
-0.393372
-0.493469
-0.602112
-0.696106
-0.749512
-0.816345
-0.931702
-1.05743
-1.18713
-1.31317
-1.41296
-1.50635
-1.55762
-1.61285
-1.67206
-1.72699
-1.75781
-1.78528
-1.80634
-1.80176
-1.75537
-1.68152
-1.586
-1.46027
-1.28754
-1.07117
-0.858765
-0.697937
-0.585938
-0.482178
-0.365601
-0.262451
-0.195007
-0.163879
-0.142212
-0.126953
-0.129089
-0.157776
-0.221252
-0.315247
-0.427856
-0.547485
-0.666199
-0.773315
-0.872803
-0.960693
-1.04065
-1.10626
-1.13068
-1.12213
-1.10535
-1.11816
-1.16516
-1.22131
-1.2735
-1.31622
-1.34857
-1.37085
-1.3855
-1.39954
-1.41602
-1.42822
-1.43555
-1.43555
-1.41998
-1.40015
-1.37451
-1.34094
-1.26892
-1.11359
-0.934753
-0.730286
-0.574951
-0.415344
-0.293884
-0.262146
-0.266418
-0.247803
-0.162048
-0.0927734
-0.116882
-0.19989
-0.256348
-0.26947
-0.285339
-0.317688
-0.392151
-0.489502
-0.595703
-0.633545
-0.62439
-0.617065
-0.661316
-0.722351
-0.743408
-0.708313
-0.643005
-0.553894
-0.439758
-0.318909
-0.209656
-0.105591
-0.000305176
0.111694
0.215454
0.268555
0.281372
0.273438
0.253296
0.214844
0.126343
-0.0286865
-0.21637
-0.419006
-0.601501
-0.739746
-0.843811
-0.956116
-1.11115
-1.2851
-1.45538
-1.62292
-1.79932
-1.9696
-2.1228
-2.25861
-2.41791
-2.61261
-2.8186
-3.01025
-3.14972
-3.23517
-3.29559
-3.35388
-3.43811
-3.55438
-3.68011
-3.78754
-3.85529
-3.89771
-3.93616
-3.97186
-3.99536
-3.99719
-3.97583
-3.93738
-3.88947
-3.83881
-3.78662
-3.71979
-3.62976
-3.50616
-3.38562
-3.25348
-3.08929
-2.85767
-2.53662
-2.18842
-1.86798
-1.67084
-1.58478
-1.50269
-1.3974
-1.24023
-1.10199
-1.05347
-1.01929
-0.992737
-0.997925
-1.0199
-1.10382
-1.18622
-1.2796
-1.40167
-1.53931
-1.67664
-1.72241
-1.71112
-1.70227
-1.74042
-1.79504
-1.80145
-1.75568
-1.68732
-1.604
-1.47797
-1.31531
-1.12152
-0.911865
-0.714111
-0.553284
-0.444031
-0.364075
-0.296936
-0.231934
-0.180664
-0.143433
-0.12207
-0.108948
-0.100403
-0.104675
-0.126648
-0.166931
-0.217896
-0.270081
-0.321655
-0.372009
-0.423279
-0.46936
-0.509644
-0.545044
-0.578308
-0.610352
-0.635071
-0.652161
-0.664063
-0.681458
-0.693054
-0.709534
-0.692139
-0.639648
-0.560608
-0.46936
-0.358276
-0.249329
-0.142822
-0.142517
-0.146179
-0.108032
-0.0167847
0.0500488
0.0335693
-0.0393677
-0.0845337
-0.0985718
-0.132141
-0.144043
-0.187378
-0.288696
-0.416565
-0.582886
-0.727234
-0.852966
-0.984192
-1.09283
-1.16974
-1.22101
-1.22925
-1.19415
-1.10718
-1.00372
-0.912476
-0.809021
-0.673523
-0.482483
-0.27771
-0.116272
-0.0088501
0.0564575
0.0585938
-0.00213623
-0.136414
-0.334167
-0.563049
-0.815735
-1.06628
-1.31165
-1.58875
-1.89301
-2.20581
-2.47925
-2.69379
-2.86407
-3.0014
-3.11493
-3.19519
-3.25592
-3.30536
-3.3606
-3.40912
-3.43079
-3.42224
-3.39783
-3.3725
-3.35083
-3.32703
-3.302
-3.27942
-3.25348
-3.22021
-3.16864
-3.1012
-3.0304
-2.98279
-2.95746
-2.93793
-2.89886
-2.8418
-2.78564
-2.73773
-2.68494
-2.61597
-2.53235
-2.44598
-2.36755
-2.2998
-2.23785
-2.18109
-2.11548
-2.04163
-1.94824
-1.85486
-1.72913
-1.58325
-1.39069
-1.17371
-0.926819
-0.737
-0.602722
-0.534973
-0.527649
-0.490417
-0.500793
-0.572205
-0.674133
-0.823975
-0.941162
-1.06964
-1.19995
-1.33209
-1.51733
-1.68976
-1.8396
-1.94427
-2.05078
-2.18872
-2.323
-2.41089
-2.45605
-2.4588
-2.42249
-2.33643
-2.20459
-2.03094
-1.8634
-1.68762
-1.49719
-1.27411
-1.03882
-0.837708
-0.675354
-0.538025
-0.418091
-0.324707
-0.264282
-0.231628
-0.211182
-0.202942
-0.209656
-0.230408
-0.253296
-0.270691
-0.289612
-0.319824
-0.359802
-0.406189
-0.45166
-0.498657
-0.548401
-0.596008
-0.643311
-0.688782
-0.732422
-0.766602
-0.78949
-0.8078
-0.821533
-0.833435
-0.834045
-0.83252
-0.835571
-0.845337
-0.854187
-0.857239
-0.858154
-0.854187
-0.854797
-0.823669
-0.7724
-0.670166
-0.536194
-0.422974
-0.33905
-0.253906
-0.137024
0.0402832
0.20813
0.32959
0.32196
0.186157
0.0619507
-0.0491333
-0.119934
-0.239868
-0.450745
-0.647583
-0.830688
-0.984497
-1.13647
-1.31256
-1.44928
-1.5509
-1.58691
-1.62018
-1.68152
-1.763
-1.87042
-1.97998
-2.07092
-2.14142
-2.17896
-2.17804
-2.1347
-2.03705
-1.89545
-1.73126
-1.54266
-1.33301
-1.08307
-0.834045
-0.611877
-0.428772
-0.27832
-0.153809
-0.0469971
0.00701904
0.00915527
-0.0408936
-0.114746
-0.215759
-0.347595
-0.542603
-0.782166
-1.04401
-1.29913
-1.51459
-1.68396
-1.82007
-1.93909
-2.06573
-2.19666
-2.3175
-2.42096
-2.49329
-2.53601
-2.55432
-2.56592
-2.59186
-2.62909
-2.66357
-2.6825
-2.6825
-2.66602
-2.6355
-2.59003
-2.53784
-2.48138
-2.43652
-2.3999
-2.36633
-2.3291
-2.28302
-2.22656
-2.16827
-2.08801
-1.96564
-1.77246
-1.53412
-1.25977
-1.01166
-0.80658
-0.679626
-0.570374
-0.495911
-0.417175
-0.351563
-0.34729
-0.33783
-0.359802
-0.410767
-0.527344
-0.750427
-1.0141
-1.21002
-1.3269
-1.38977
-1.47369
-1.59302
-1.72028
-1.81915
-1.87744
-1.89514
-1.88293
-1.81824
-1.71539
-1.60278
-1.4856
-1.3501
-1.15082
-0.906677
-0.662231
-0.447998
-0.273438
-0.129089
-0.0119019
0.0869751
0.166931
0.223389
0.246582
0.231323
0.193787
0.152588
0.113525
0.0698853
0.0134277
-0.0512695
-0.117798
-0.180664
-0.241699
-0.306702
-0.370483
-0.422363
-0.461426
-0.493774
-0.529175
-0.566101
-0.596313
-0.618286
-0.631409
-0.639038
-0.647888
-0.65918
-0.680542
-0.709839
-0.744019
-0.77179
-0.787964
-0.792236
-0.787659
-0.758972
-0.687866
-0.577087
-0.441895
-0.336609
-0.271301
-0.166931
0.020752
0.277405
0.457764
0.543518
0.532532
0.528564
0.552979
0.582275
0.623474
0.592957
0.475159
0.278625
0.0485229
-0.174255
-0.362244
-0.513916
-0.617065
-0.661621
-0.701599
-0.809021
-0.977173
-1.16486
-1.31287
-1.41083
-1.48254
-1.54388
-1.60614
-1.68732
-1.76147
-1.81122
-1.83533
-1.82495
-1.76514
-1.65985
-1.53564
-1.38794
-1.19324
-0.965576
-0.713806
-0.472717
-0.264893
-0.0909424
0.0265503
0.107727
0.177917
0.23468
0.250854
0.209656
0.126648
0.03479
-0.0579834
-0.159607
-0.286865
-0.431824
-0.584106
-0.730896
-0.858154
-0.964355
-1.05408
-1.12976
-1.1911
-1.24023
-1.28845
-1.33789
-1.38641
-1.4267
-1.45599
-1.47919
-1.49902
-1.51398
-1.52435
-1.53351
-1.54358
-1.55457
-1.56311
-1.56647
-1.56342
-1.5567
-1.54755
-1.539
-1.5332
-1.53076
-1.51642
-1.48193
-1.42548
-1.36047
-1.29547
-1.23169
-1.16455
-1.10199
-1.05011
-1.00403
-0.940857
-0.832214
-0.685425
-0.52887
-0.404053
-0.302429
-0.171509
0.0308228
0.250854
0.430603
0.527954
0.552673
0.526428
0.441895
0.241089
0.00152588
-0.262146
-0.515747
-0.710449
-0.905457
-1.05743
-1.21033
-1.36566
-1.53595
-1.70258
-1.84723
-1.9519
-2.01202
-2.03735
-2.04315
-2.03827
-2.01965
-1.96014
-1.84113
-1.68213
-1.50299
-1.30798
-1.08765
-0.848999
-0.606689
-0.379028
-0.167542
0.0146484
0.166321
0.293274
0.388489
0.445557
0.469666
0.476074
0.48584
0.487061
0.470581
0.439148
0.397034
0.349121
0.290222
0.223999
0.158081
0.0991821
0.0537109
0.0213623
-0.00274658
-0.0238037
-0.0445557
-0.0631714
-0.0744629
-0.0756836
-0.0695801
-0.0595093
-0.0494385
-0.0393677
-0.0314331
-0.0289917
-0.0286865
-0.0283813
-0.0253296
-0.0183105
-0.00488281
0.0146484
0.0369263
0.0582886
0.0772095
0.0985718
0.121765
0.142517
0.160522
0.177917
0.202942
0.229797
0.262756
0.302734
0.351563
0.398865
0.437927
0.471191
0.514526
0.588684
0.692749
0.80719
0.903015
0.967712
1.00464
1.01898
1.04706
1.1087
1.20331
1.29333
1.32813
1.29944
1.22253
1.12732
1.01257
0.85022
0.58075
0.235596
-0.126343
-0.40863
-0.626526
-0.822754
-1.00555
-1.19812
-1.35498
-1.50909
-1.71509
-1.90948
-2.08344
-2.20093
-2.28546
-2.37091
-2.435
-2.48657
-2.53021
-2.547
-2.50641
-2.40631
-2.26715
-2.10358
-1.89789
-1.63879
-1.35071
-1.06049
-0.786438
-0.531616
-0.297852
-0.093689
0.0787354
0.202942
0.264893
0.270081
0.245056
0.211487
0.172729
0.122375
0.0598145
-0.010376
-0.0811768
-0.149536
-0.211182
-0.268555
-0.322266
-0.371399
-0.413818
-0.447083
-0.471191
-0.484009
-0.487366
-0.484924
-0.477905
-0.465393
-0.444946
-0.420227
-0.391846
-0.3479
-0.282288
-0.209656
-0.151062
-0.118103
-0.0982666
-0.0802612
-0.0592041
-0.0366211
-0.0137329
0.0161743
0.057373
0.108337
0.167847
0.231323
0.296021
0.35553
0.403137
0.439758
0.465088
0.48584
0.504761
0.585022
0.736084
0.912476
1.02753
1.06689
1.07666
1.11084
1.1261
1.02966
0.834351
0.602417
0.345459
0.120239
-0.137939
-0.371094
-0.614319
-0.813599
-0.994873
-1.13708
-1.26617
-1.40259
-1.53473
-1.65802
-1.74622
-1.81091
-1.86157
-1.90948
-1.93115
-1.91376
-1.85516
-1.76544
-1.63666
-1.46912
-1.27655
-1.06903
-0.854492
-0.634155
-0.411377
-0.189209
0.0308228
0.237732
0.41687
0.555115
0.657349
0.736694
0.801697
0.853882
0.888672
0.909424
0.910645
0.888062
0.84198
0.786438
0.733643
0.667725
0.583801
0.484314
0.386353
0.297852
0.210876
0.12207
0.0335693
-0.0509644
-0.126953
-0.19104
-0.238953
-0.271912
-0.293274
-0.302124
-0.309448
-0.316162
-0.30426
-0.287781
-0.248413
-0.197144
-0.125732
-0.0387573
0.0402832
0.0994873
0.14801
0.20813
0.274353
0.339966
0.405273
0.476379
0.555725
0.624695
0.670776
0.682373
0.698242
0.777893
0.920105
1.04462
1.11664
1.10901
1.091
1.02142
0.852661
0.562744
0.211487
-0.148926
-0.443726
-0.656433
-0.814209
-1.04309
-1.35162
-1.67236
-1.88293
-1.96136
-2.02026
-2.16095
-2.36847
-2.5882
-2.76215
-2.87109
-2.96997
-3.04657
-3.12866
-3.23334
-3.35999
-3.46008
-3.50464
-3.51379
-3.51593
-3.53912
-3.54797
-3.49976
-3.38776
-3.21014
-3.00385
-2.76245
-2.47742
-2.14935
-1.80847
-1.49841
-1.23932
-1.01715
-0.822754
-0.652466
-0.508423
-0.395508
-0.320129
-0.278015
-0.267334
-0.271912
-0.285339
-0.302734
-0.323792
-0.351563
-0.389404
-0.434875
-0.483704
-0.535278
-0.586853
-0.637207
-0.684814
-0.728455
-0.770874
-0.810242
-0.845642
-0.876465
-0.903015
-0.924072
-0.938416
-0.94696
-0.953674
-0.941162
-0.922241
-0.891724
-0.859985
-0.820618
-0.773926
-0.741272
-0.728149
-0.697327
-0.606384
-0.414429
-0.173645
0.0335693
0.120544
0.118408
0.182495
0.314636
0.47821
0.492249
0.318604
0.0604248
-0.194702
-0.418701
-0.633545
-0.862122
-1.11145
-1.35437
-1.58264
-1.81091
-1.95282
-2.13074
-2.28058
-2.43805
-2.50977
-2.49939
-2.51312
-2.61566
-2.79144
-2.93396
-2.99561
-3.0014
-2.99561
-2.98492
-2.95929
-2.90222
-2.80579
-2.6767
-2.52686
-2.36053
-2.16248
-1.92474
-1.66107
-1.40015
-1.15875
-0.943298
-0.751953
-0.582581
-0.437317
-0.310669
-0.211792
-0.147705
-0.120239
-0.122681
-0.138855
-0.166016
-0.202026
-0.243225
-0.294189
-0.350037
-0.412292
-0.481262
-0.549927
-0.61676
-0.67749
-0.727844
-0.771484
-0.810242
-0.844116
-0.874939
-0.899048
-0.917664
-0.930176
-0.939636
-0.946045
-0.946655
-0.944519
-0.940552
-0.936279
-0.935974
-0.931702
-0.916748
-0.891113
-0.851746
-0.808716
-0.765381
-0.729675
-0.70343
-0.681152
-0.65979
-0.639343
-0.623779
-0.610962
-0.596008
-0.58136
-0.570679
-0.560913
-0.557556
-0.531921
-0.493469
-0.424194
-0.350037
-0.282898
-0.136414
0.0454712
0.224915
0.296326
0.235596
0.132141
0.00366211
-0.166016
-0.391235
-0.648804
-0.891418
-1.09863
-1.28174
-1.44318
-1.57288
-1.67542
-1.77307
-1.90277
-2.07336
-2.25647
-2.43164
-2.54486
-2.62939
-2.65839
-2.659
-2.7066
-2.75513
-2.8598
-2.97455
-3.09937
-3.22205
-3.29285
-3.30139
-3.26538
-3.19061
-3.09082
-2.96753
-2.82349
-2.65503
-2.45758
-2.24091
-2.01813
-1.79382
-1.56921
-1.34338
-1.12213
-0.913696
-0.72876
-0.568848
-0.435486
-0.335083
-0.264282
-0.223694
-0.203247
-0.197144
-0.205078
-0.227051
-0.276794
-0.3479
-0.430603
-0.510864
-0.582886
-0.649414
-0.707092
-0.756226
-0.800476
-0.845642
-0.897522
-0.9552
-1.01166
-1.06171
-1.09924
-1.12518
-1.14441
-1.16364
-1.18286
-1.19995
-1.2149
-1.22894
-1.24481
-1.25977
-1.26923
-1.27472
-1.27655
-1.27563
-1.26892
-1.25702
-1.24359
-1.23322
-1.22803
-1.22467
-1.21796
-1.21094
-1.20544
-1.20117
-1.1972
-1.18469
-1.16364
-1.13129
-1.10168
-1.05957
-1.02448
-0.969543
-0.905151
-0.805054
-0.698547
-0.58136
-0.504761
-0.414734
-0.262451
-0.116577
-0.0344849
-0.0979614
-0.235291
-0.36499
-0.454407
-0.549927
-0.621643
-0.678406
-0.717163
-0.761414
-0.842896
-0.941162
-1.05194
-1.16791
-1.26465
-1.31439
-1.30096
-1.22406
-1.11176
-0.984802
-0.853882
-0.701904
-0.521851
-0.333252
-0.158386
-0.00946045
0.114746
0.221863
0.318909
0.409851
0.491638
0.551758
0.574646
0.565796
0.534363
0.497437
0.45929
0.417175
0.357666
0.276794
0.183411
0.0939941
-0.00213623
-0.121765
-0.269165
-0.424194
-0.563049
-0.677795
-0.770874
-0.846863
-0.915527
-0.979004
-1.03638
-1.09192
-1.14899
-1.20728
-1.26373
-1.31012
-1.34735
-1.37604
-1.39832
-1.41571
-1.42975
-1.43585
-1.42792
-1.40839
-1.3858
-1.35864
-1.33026
-1.29761
-1.27258
-1.26526
-1.26831
-1.27197
-1.26801
-1.25153
-1.22406
-1.17615
-1.11115
-1.03027
-0.947571
-0.874939
-0.826111
-0.796204
-0.775452
-0.754395
-0.734253
-0.722961
-0.718689
-0.710144
-0.696411
-0.680847
-0.682983
-0.708313
-0.747681
-0.782166
-0.802002
-0.812378
-0.823364
-0.84137
-0.862427
-0.880127
-0.889893
-0.892334
-0.891418
-0.887451
-0.881348
-0.872192
-0.860596
-0.846863
-0.838013
-0.832825
-0.82428
-0.802612
-0.75531
-0.65979
-0.463867
-0.228271
-0.0616455
0.045166
0.106812
0.169983
0.187073
0.114441
0.00701904
-0.0396729
-0.0695801
-0.134277
-0.294495
-0.528564
-0.750122
-0.904541
-1.00586
-1.10107
-1.23749
-1.4035
-1.54114
-1.60858
-1.61011
-1.5741
-1.51215
-1.42303
-1.29059
-1.12335
-0.942688
-0.775757
-0.617371
-0.451355
-0.258789
-0.0534058
0.129089
0.26825
0.374451
0.473328
0.565796
0.634155
0.658264
0.643921
0.600586
0.54718
0.48645
0.427246
0.365295
0.296631
0.211182
0.109253
-0.00244141
-0.110474
-0.214539
-0.3125
-0.401306
-0.474243
-0.531311
-0.575562
-0.608521
-0.631104
-0.643616
-0.649719
-0.647278
-0.638733
-0.627136
-0.617065
-0.605164
-0.591736
-0.583191
-0.575562
-0.552673
-0.526428
-0.454102
-0.353394
-0.249634
-0.118408
0.0350952
0.20874
0.403137
0.550842
0.623779
0.617981
0.557861
0.53009
0.527344
0.457458
0.275879
0.00762939
-0.224915
-0.38269
-0.509033
-0.652771
-0.845032
-1.02356
-1.17767
-1.3092
-1.41846
-1.49292
-1.51459
-1.48468
-1.38977
-1.23566
-1.06781
-0.907898
-0.738831
-0.515137
-0.245361
0.0183105
0.231323
0.397949
0.53772
0.658569
0.752258
0.808716
0.830688
0.833435
0.820618
0.785522
0.727539
0.656738
0.581665
0.504761
0.416565
0.319824
0.220642
0.128174
0.0390625
-0.0485229
-0.136719
-0.218811
-0.291138
-0.35614
-0.411682
-0.455933
-0.48645
-0.496826
-0.497131
-0.491943
-0.489197
-0.488892
-0.487976
-0.490112
-0.498047
-0.516052
-0.535889
-0.550842
-0.552979
-0.549316
-0.559082
-0.530396
-0.441284
-0.299988
-0.160828
0.0234985
0.223389
0.444336
0.594482
0.705566
0.748901
0.838013
0.907898
0.931702
0.86792
0.71228
0.545959
0.388489
0.23468
0.0686646
-0.0897217
-0.222778
-0.341797
-0.484924
-0.663757
-0.872803
-1.05225
-1.17889
-1.27716
-1.36047
-1.42273
-1.44592
-1.41327
-1.3736
-1.35925
-1.3736
-1.3855
-1.3504
-1.25885
-1.12671
-0.945129
-0.765381
-0.589905
-0.411377
-0.211792
0.017395
0.231934
0.418091
0.555725
0.637207
0.643921
0.599976
0.533447
0.460815
0.374451
0.26886
0.148926
0.0183105
-0.118408
-0.254517
-0.394592
-0.544434
-0.70282
-0.866089
-1.02997
-1.19049
-1.34338
-1.48315
-1.60645
-1.71204
-1.8045
-1.88843
-1.97235
-2.06055
-2.146
-2.22778
-2.30103
-2.36298
-2.41608
-2.46033
-2.49847
-2.52716
-2.54517
-2.5528
-2.55157
-2.54242
-2.53479
-2.53174
-2.5351
-2.53876
-2.53937
-2.54059
-2.53967
-2.53204
-2.51801
-2.50122
-2.4823
-2.46918
-2.45544
-2.41791
-2.3291
-2.18872
-1.97266
-1.73065
-1.46088
-1.18042
-0.921326
-0.727539
-0.626526
-0.552063
-0.430908
-0.275269
-0.154114
-0.139465
-0.189209
-0.247192
-0.302429
-0.316772
-0.3302
-0.353699
-0.414124
-0.48584
-0.535278
-0.55603
-0.550232
-0.518188
-0.447388
-0.33783
-0.210266
-0.0683594
0.0631714
0.177002
0.273743
0.369263
0.468445
0.55542
0.617065
0.652161
0.671692
0.681458
0.677185
0.650635
0.601501
0.533752
0.452271
0.359192
0.259094
0.157471
0.0601196
-0.032959
-0.125427
-0.221252
-0.319824
-0.422363
-0.528259
-0.62561
-0.702209
-0.699158
-0.650024
-0.551453
-0.419617
-0.281067
-0.106812
0.0515747
0.177917
0.270996
0.368042
0.459595
0.577698
0.641174
0.644226
0.567932
0.471802
0.332947
0.181274
0.0149536
-0.175781
-0.357666
-0.548096
-0.726318
-0.882568
-1.02661
-1.14777
-1.23657
-1.29242
-1.33698
-1.36444
-1.35803
-1.31226
-1.24268
-1.14136
-1.00037
-0.809631
-0.578918
-0.353394
-0.149841
0.0415039
0.235901
0.427856
0.593567
0.714111
0.802002
0.86853
0.915527
0.940552
0.935974
0.901184
0.835876
0.744019
0.640259
0.527649
0.412292
0.302124
0.198364
0.103455
0.0164795
-0.0619507
-0.135498
-0.202942
-0.267029
-0.316162
-0.344849
-0.346375
-0.331726
-0.306091
-0.275879
-0.240784
-0.205383
-0.17395
-0.145264
-0.114441
-0.0799561
-0.0427246
-0.00610352
0.0289917
0.0613403
0.0891113
0.116272
0.144348
0.177002
0.209045
0.241699
0.277405
0.310364
0.336304
0.33844
0.328064
0.335388
0.372009
0.461121
0.61676
0.828552
1.05469
1.20819
1.23505
1.25397
1.26526
1.2912
1.27594
1.13434
0.921936
0.645752
0.401306
0.227966
0.119934
0.0146484
-0.0894165
-0.184326
-0.279846
-0.391846
-0.529785
-0.672913
-0.782776
-0.871582
-0.942078
-0.990601
-1.01471
-1.00311
-0.96405
-0.907593
-0.839539
-0.756836
-0.644226
-0.509033
-0.354614
-0.19043
-0.0183105
0.161438
0.334778
0.492554
0.627136
0.741577
0.838318
0.918274
0.982361
1.02203
1.03149
1.01074
0.968628
0.918274
0.860291
0.795593
0.727539
0.65979
0.591125
0.519104
0.440369
0.362549
0.291138
0.227051
0.170593
0.119019
0.0717163
0.0265503
-0.0183105
-0.0662231
-0.108643
-0.140991
-0.162048
-0.174255
-0.186157
-0.195618
-0.201111
-0.202026
-0.198364
-0.193176
-0.186157
-0.177002
-0.164185
-0.151672
-0.140076
-0.131836
-0.122986
-0.111389
-0.0997925
-0.088501
-0.0769043
-0.0616455
-0.0463867
-0.0350952
-0.0296021
-0.0271606
-0.0228882
-0.0177002
-0.0131226
-0.010376
-0.00244141
0.010376
0.0283813
0.0448608
0.0601196
0.0741577
0.0894165
0.105591
0.128479
0.160217
0.19989
0.24292
0.282898
0.316772
0.339661
0.348816
0.354919
0.396729
0.517273
0.694885
0.849609
0.974121
1.008
1.0141
0.995789
0.92041
0.718994
0.443115
0.130005
-0.133972
-0.367432
-0.575256
-0.750427
-0.952759
-1.17493
-1.34918
-1.45386
-1.52985
-1.64276
-1.77002
-1.85059
-1.87103
-1.85089
-1.80969
-1.7572
-1.68335
-1.58966
-1.47156
-1.33392
-1.17798
-1.00891
-0.834961
-0.6604
-0.484924
-0.306396
-0.125427
0.0408936
0.183716
0.301819
0.402222
0.490112
0.559387
0.60791
0.639038
0.653381
0.651855
0.635071
0.607605
0.576477
0.542603
0.505066
0.462341
0.414734
0.36499
0.317993
0.2771
0.244141
0.215759
0.190125
0.168762
0.151672
0.139465
0.129395
0.121155
0.117188
0.112
0.105591
0.0994873
0.0930786
0.0866699
0.0793457
0.072937
0.071106
0.0744629
0.0793457
0.0891113
0.100403
0.110168
0.115662
0.123291
0.137024
0.153198
0.163879
0.16571
0.168457
0.178223
0.179749
0.203247
0.266724
0.374451
0.498962
0.634155
0.693359
0.736084
0.657654
0.516968
0.343323
0.134583
-0.101929
-0.37262
-0.61554
-0.761414
-0.839233
-0.895996
-0.958862
-1.01349
-1.0495
-1.0614
-1.05011
-1.00647
-0.934143
-0.842285
-0.74707
-0.644836
-0.527649
-0.381165
-0.218201
-0.0521851
0.108948
0.252686
0.376892
0.473022
0.548706
0.614319
0.671082
0.718689
0.754395
0.771179
0.766296
0.738831
0.693359
0.635986
0.574341
0.514832
0.461121
0.411682
0.359192
0.302429
0.245972
0.192871
0.152283
0.116272
0.0817871
0.0680542
0.10376
0.189819
0.284424
0.410156
0.544739
0.679626
0.736389
0.714111
0.684509
0.635376
0.545959
0.44342
0.340881
0.228577
0.0375366
-0.209045
-0.410767
-0.530396
-0.599365
-0.655212
-0.70282
-0.729675
-0.718079
-0.673828
-0.59967
-0.513306
-0.422668
-0.318909
-0.19043
-0.0366211
0.140076
0.310364
0.450134
0.561829
0.653687
0.74585
0.831909
0.899658
0.946655
0.96405
0.949402
0.892334
0.794983
0.65918
0.502319
0.315552
0.115051
-0.0964355
-0.2948
-0.467529
-0.624695
-0.793457
-0.979309
-1.17065
-1.34247
-1.4859
-1.60645
-1.71478
-1.81427
-1.90857
-2.0108
-2.11731
-2.22076
-2.31323
-2.38953
-2.45667
-2.51373
-2.56012
-2.59613
-2.6181
-2.62421
-2.62238
-2.62268
-2.62817
-2.62604
-2.60376
-2.55951
-2.49634
-2.42828
-2.34436
-2.24365
-2.12585
-2.00348
-1.8866
-1.77887
-1.67999
-1.59088
-1.51337
-1.44562
-1.38611
-1.33636
-1.29272
-1.26373
-1.23077
-1.17767
-1.08368
-0.930176
-0.718079
-0.505371
-0.350952
-0.252686
-0.231628
-0.228271
-0.238953
-0.280762
-0.354919
-0.463867
-0.611877
-0.757751
-0.901794
-1.04645
-1.17004
-1.26862
-1.3324
-1.3678
-1.43524
-1.51001
-1.56891
-1.62201
-1.69098
-1.79443
-1.87347
-1.8811
-1.82617
-1.72302
-1.59241
-1.46301
-1.35864
-1.26221
-1.12915
-0.951538
-0.762634
-0.597229
-0.46936
-0.367737
-0.285034
-0.214539
-0.152893
-0.107727
-0.0811768
-0.0769043
-0.0897217
-0.117798
-0.159302
-0.214233
-0.288391
-0.379944
-0.485535
-0.596619
-0.703125
-0.801086
-0.887146
-0.961609
-1.02722
-1.08643
-1.13739
-1.17828
-1.2088
-1.23169
-1.24908
-1.26221
-1.27289
-1.28387
-1.29578
-1.30859
-1.31744
-1.31958
-1.31531
-1.30798
-1.29883
-1.28357
-1.26038
-1.2323
-1.20605
-1.18408
-1.16638
-1.14319
-1.11664
-1.08612
-1.04309
-0.982971
-0.896301
-0.797119
-0.711975
-0.652161
-0.607605
-0.544434
-0.426025
-0.276184
-0.115662
0.0244141
0.0753784
0.153809
0.22644
0.316772
0.336304
0.26001
0.112
-0.0457764
-0.205078
-0.360413
-0.530701
-0.703125
-0.874939
-1.02692
-1.13953
-1.21857
-1.26434
-1.29944
-1.31927
-1.31683
-1.29486
-1.26099
-1.21582
-1.15479
-1.06812
-0.960999
-0.842896
-0.723572
-0.608826
-0.488281
-0.369568
-0.270386
-0.196228
-0.13855
-0.0875854
-0.0494385
-0.0317383
-0.0357056
-0.0488281
-0.0756836
-0.113525
-0.158691
-0.23468
-0.353699
-0.518799
-0.706482
-0.888977
-1.06689
-1.24512
-1.41144
-1.55548
-1.6748
-1.77032
-1.85272
-1.92139
-1.96991
-1.95404
-1.88904
-1.75659
-1.61011
-1.43036
-1.25153
-1.10291
-1.00098
-0.941467
-0.896912
-0.839233
-0.814819
-0.83252
-0.924988
-1.0379
-1.14532
-1.27075
-1.42334
-1.60767
-1.78101
-1.92261
-2.06055
-2.23602
-2.51556
-2.86346
-3.17596
-3.34686
-3.4024
-3.39813
-3.37036
-3.30383
-3.18604
-3.03406
-2.85309
-2.68036
-2.53876
-2.43652
-2.3587
-2.27661
-2.19513
-2.12738
-2.07184
-2.03156
-2.01782
-2.04102
-2.10205
-2.1936
-2.30103
-2.41211
-2.52197
-2.62848
-2.73773
-2.85126
-2.96692
-3.07709
-3.17413
-3.25653
-3.32458
-3.37982
-3.41431
-3.42377
-3.40698
-3.38806
-3.37372
-3.31726
-3.21808
-3.05206
-2.87567
-2.66357
-2.42249
-2.15546
-1.95129
-1.87775
-1.93481
-1.99768
-1.99707
-1.96625
-1.99036
-2.12006
-2.23999
-2.40295
-2.5531
-2.70416
-2.83356
-2.94586
-3.09753
-3.29254
-3.46832
-3.60138
-3.70758
-3.79974
-3.87299
-3.94653
-4.03656
-4.16168
-4.29901
-4.40521
-4.46228
-4.47113
-4.41895
-4.33167
-4.22943
-4.12476
-3.99841
-3.83759
-3.65173
-3.46832
-3.3075
-3.16315
-3.01208
-2.85461
-2.72247
-2.64526
-2.62695
-2.64069
-2.67029
-2.72186
-2.79083
-2.88788
-3.00568
-3.13904
-3.27881
-3.42255
-3.56567
-3.70453
-3.8324
-3.94836
-4.05182
-4.13879
-4.21356
-4.27917
-4.34174
-4.40887
-4.48151
-4.56512
-4.65546
-4.74152
-4.81293
-4.8645
-4.90479
-4.94415
-4.99084
-5.03845
-5.0824
-5.11566
-5.13885
-5.15411
-5.16479
-5.18524
-5.21271
-5.23895
-5.24902
-5.24323
-5.23285
-5.224
-5.21362
-5.20447
-5.17334
-5.10864
-5.03021
-4.96368
-4.88312
-4.74457
-4.49097
-4.17206
-3.86047
-3.62976
-3.4906
-3.38593
-3.29224
-3.17261
-3.11157
-3.09845
-3.09967
-3.08624
-3.12653
-3.26019
-3.43689
-3.57758
-3.66913
-3.76984
-3.90961
-4.03168
-4.14001
-4.23676
-4.30298
-4.34509
-4.36157
-4.36768
-4.35516
-4.31946
-4.25781
-4.1803
-4.09027
-3.9856
-3.85742
-3.71094
-3.5614
-3.41614
-3.27454
-3.13202
-2.99011
-2.85339
-2.72522
-2.61505
-2.52777
-2.46399
-2.42126
-2.3941
-2.38037
-2.37885
-2.38922
-2.4118
-2.44324
-2.48077
-2.52747
-2.57965
-2.63458
-2.68677
-2.73651
-2.78107
-2.82043
-2.84576
-2.8595
-2.82288
-2.75085
-2.62573
-2.49573
-2.37946
-2.3053
-2.27051
-2.24243
-2.20306
-2.14508
-2.08984
-2.04956
-2.05109
-2.01721
-1.95343
-1.84479
-1.7514
-1.74103
-1.85913
-2.0752
-2.24579
-2.33032
-2.37091
-2.49146
-2.7301
-2.95624
-3.12103
-3.21747
-3.30109
-3.40851
-3.55286
-3.67554
-3.797
-3.89679
-3.96057
-4.01917
-4.05334
-4.13055
-4.23523
-4.32892
-4.39392
-4.43878
-4.4754
-4.53491
-4.6048
-4.66553
-4.69879
-4.68811
-4.63654
-4.56421
-4.48364
-4.3811
-4.24103
-4.05792
-3.8501
-3.66577
-3.52112
-3.39447
-3.26355
-3.1073
-2.94983
-2.80731
-2.69043
-2.59979
-2.54578
-2.53052
-2.54364
-2.57294
-2.6181
-2.67822
-2.7536
-2.83997
-2.9248
-3.0011
-3.06549
-3.12408
-3.18512
-3.24768
-3.30566
-3.3609
-3.40851
-3.44482
-3.46924
-3.48145
-3.48572
-3.47992
-3.46741
-3.45367
-3.44482
-3.44269
-3.44513
-3.45154
-3.44788
-3.43109
-3.396
-3.35754
-3.31726
-3.2843
-3.21594
-3.13538
-3.02277
-2.87109
-2.71149
-2.5354
-2.42065
-2.31293
-2.21375
-2.15393
-2.13776
-2.19543
-2.27905
-2.37854
-2.51617
-2.6181
-2.71057
-2.80548
-2.94647
-3.15033
-3.33588
-3.44757
-3.53363
-3.62732
-3.73352
-3.81989
-3.87482
-3.95203
-4.07654
-4.20135
-4.30969
-4.38385
-4.44733
-4.50012
-4.54559
-4.58008
-4.58527
-4.54529
-4.4516
-4.30328
-4.13391
-3.97461
-3.81592
-3.65326
-3.49792
-3.37158
-3.28461
-3.19366
-3.06915
-2.92664
-2.79877
-2.7182
-2.69073
-2.70966
-2.7655
-2.84485
-2.93457
-3.03528
-3.14819
-3.27087
-3.39905
-3.52814
-3.65143
-3.76923
-3.88336
-3.99506
-4.09668
-4.18213
-4.25323
-4.31244
-4.36096
-4.39331
-4.41345
-4.43237
-4.45496
-4.48242
-4.50653
-4.5224
-4.52759
-4.52484
-4.51874
-4.5105
-4.49829
-4.48364
-4.47052
-4.46136
-4.45435
-4.44458
-4.43298
-4.39087
-4.28497
-4.17084
-4.05548
-3.99261
-3.86475
-3.69141
-3.45398
-3.24524
-3.13171
-3.05084
-3.01056
-2.9361
-2.86621
-2.8241
-2.81006
-2.85431
-2.96997
-3.14484
-3.2959
-3.38043
-3.41797
-3.44574
-3.47229
-3.52448
-3.60321
-3.72559
-3.85193
-3.95538
-4.01367
-4.06921
-4.07928
-4.09149
-4.1333
-4.23035
-4.35272
-4.44397
-4.47845
-4.47266
-4.44153
-4.39911
-4.34753
-4.27094
-4.14154
-3.98773
-3.83636
-3.70697
-3.57574
-3.43079
-3.28857
-3.16559
-3.05023
-2.93457
-2.82288
-2.73438
-2.68188
-2.65686
-2.64954
-2.64984
-2.66083
-2.68524
-2.72552
-2.78168
-2.85126
-2.92816
-3.00262
-3.07251
-3.13934
-3.20374
-3.26202
-3.31238
-3.3606
-3.414
-3.47351
-3.53668
-3.60016
-3.66333
-3.72314
-3.77228
-3.8028
-3.82355
-3.83942
-3.85101
-3.85406
-3.8443
-3.83545
-3.82965
-3.81592
-3.79608
-3.7558
-3.69751
-3.62579
-3.56476
-3.53546
-3.49091
-3.42377
-3.2843
-3.09448
-2.8894
-2.74963
-2.67944
-2.65717
-2.60345
-2.5589
-2.6004
-2.73346
-2.90131
-3.04749
-3.15796
-3.2489
-3.33435
-3.42468
-3.5437
-3.65601
-3.74847
-3.81714
-3.87939
-3.95813
-4.04724
-4.13513
-4.19403
-4.20593
-4.17755
-4.11865
-4.04297
-3.9566
-3.8559
-3.73474
-3.58917
-3.43414
-3.29041
-3.16101
-3.03955
-2.91656
-2.7832
-2.63916
-2.49237
-2.35352
-2.23572
-2.14478
-2.08008
-2.03583
-2.00989
-1.99554
-1.98639
-1.97205
-1.95557
-1.94763
-1.96045
-1.99371
-2.03278
-2.06696
-2.0932
-2.11548
-2.13654
-2.15607
-2.17224
-2.18719
-2.20398
-2.22534
-2.24792
-2.26715
-2.2818
-2.2934
-2.30072
-2.30652
-2.30713
-2.30377
-2.29675
-2.28729
-2.27875
-2.26898
-2.2583
-2.24976
-2.24243
-2.23816
-2.22656
-2.19788
-2.16797
-2.15698
-2.13531
-2.09747
-1.99585
-1.85303
-1.71692
-1.61011
-1.58508
-1.59119
-1.61957
-1.65497
-1.73035
-1.85913
-2.03033
-2.19543
-2.33673
-2.44141
-2.53937
-2.66937
-2.81494
-2.96661
-3.10822
-3.20526
-3.26385
-3.29956
-3.35815
-3.45581
-3.55408
-3.60931
-3.61572
-3.58917
-3.54492
-3.49304
-3.43109
-3.34869
-3.24158
-3.12164
-2.99805
-2.87109
-2.74078
-2.60406
-2.46582
-2.32391
-2.17834
-2.02942
-1.88141
-1.74255
-1.62476
-1.53473
-1.47675
-1.44836
-1.44043
-1.44531
-1.46027
-1.48163
-1.5097
-1.54388
-1.58478
-1.63177
-1.68152
-1.72882
-1.77429
-1.81427
-1.85028
-1.88141
-1.90796
-1.92841
-1.93939
-1.94183
-1.93878
-1.93176
-1.92383
-1.9165
-1.9104
-1.90796
-1.90765
-1.90765
-1.88751
-1.84692
-1.78619
-1.73126
-1.67755
-1.58875
-1.47125
-1.32965
-1.22772
-1.20148
-1.21185
-1.23322
-1.22162
-1.19812
-1.20605
-1.297
-1.48041
-1.69373
-1.86432
-1.99463
-2.117
-2.2644
-2.41669
-2.54944
-2.66296
-2.75177
-2.81464
-2.8476
-2.85858
-2.85004
-2.82227
-2.77405
-2.70935
-2.64038
-2.56897
-2.49237
-2.40784
-2.32269
-2.23969
-2.16034
-2.08679
-2.02576
-1.98364
-1.96838
-1.98547
-2.03705
-2.11884
-2.22412
-2.33643
-2.4408
-2.52502
-2.59491
-2.66296
-2.73468
-2.80457
-2.86591
-2.91687
-2.9599
-2.99713
-3.02765
-3.05389
-3.078
-3.09967
-3.12012
-3.13995
-3.15887
-3.17322
-3.18085
-3.18573
-3.19305
-3.19794
-3.19122
-3.15674
-3.11676
-3.07709
-3.02979
-2.95868
-2.8537
-2.70874
-2.54242
-2.44537
-2.43469
-2.4881
-2.55005
-2.62329
-2.74689
-2.87323
-2.98492
-3.11981
-3.32642
-3.56354
-3.75671
-3.8858
-3.97827
-4.05823
-4.12689
-4.17358
-4.18488
-4.16779
-4.13422
-4.10034
-4.06067
-4.0036
-3.92609
-3.83423
-3.73901
-3.64227
-3.54279
-3.44086
-3.33862
-3.23761
-3.13141
-3.01819
-2.90924
-2.82227
-2.76306
-2.73224
-2.72095
-2.72888
-2.75391
-2.79846
-2.85767
-2.92206
-2.98553
-3.04657
-3.10791
-3.16956
-3.22968
-3.28735
-3.34106
-3.38867
-3.42957
-3.46313
-3.4903
-3.51227
-3.5318
-3.55072
-3.56873
-3.58521
-3.59955
-3.61786
-3.63708
-3.65265
-3.65662
-3.65143
-3.638
-3.62213
-3.59863
-3.56812
-3.53363
-3.4964
-3.45642
-3.41553
-3.37372
-3.33679
-3.29163
-3.23456
-3.16711
-3.09723
-3.03558
-2.97974
-2.93243
-2.90222
-2.88086
-2.85034
-2.76917
-2.6532
-2.54211
-2.48077
-2.47406
-2.49207
-2.52289
-2.52563
-2.48138
-2.42126
-2.41943
-2.49512
-2.62024
-2.72858
-2.84149
-2.98615
-3.18573
-3.39478
-3.54767
-3.64319
-3.68134
-3.74084
-3.83575
-3.94623
-4.04297
-4.08569
-4.08752
-4.07745
-4.08417
-4.09882
-4.10309
-4.09729
-4.0921
-4.08722
-4.07043
-4.03412
-3.97705
-3.90228
-3.81348
-3.71582
-3.61572
-3.51288
-3.41095
-3.31268
-3.22235
-3.13385
-3.04596
-2.95746
-2.86835
-2.78229
-2.70172
-2.63397
-2.5827
-2.55188
-2.54211
-2.55188
-2.57477
-2.60254
-2.63214
-2.66205
-2.6947
-2.72888
-2.76306
-2.79449
-2.81982
-2.83966
-2.85278
-2.86224
-2.86804
-2.87109
-2.87262
-2.87506
-2.87872
-2.8833
-2.88696
-2.88818
-2.88696
-2.88483
-2.883
-2.87964
-2.87598
-2.87048
-2.8656
-2.86407
-2.86285
-2.86346
-2.85583
-2.84241
-2.82166
-2.78839
-2.7417
-2.68341
-2.62695
-2.58514
-2.55798
-2.53937
-2.52289
-2.50488
-2.48779
-2.47559
-2.47162
-2.47681
-2.48779
-2.49664
-2.4939
-2.47711
-2.44781
-2.41364
-2.38007
-2.34955
-2.31354
-2.27509
-2.24518
-2.21313
-2.18475
-2.16064
-2.14752
-2.16248
-2.19086
-2.23206

